#Total No. of N-Gram Types: 1372
#Total No. of N-Gram Tokens: 49395
1	1602	1	и
2	1575	1	в
3	1477	1	я
4	1302	1	а
5	1166	1	вот
6	1165	1	ну
7	1160	1	не
8	1141	1	что
9	1015	1	то
10	941	1	это
11	811	1	на
12	695	1	да
13	672	1	там
14	663	1	как
15	579	1	у
16	516	1	с
17	459	1	мы
18	456	1	так
19	440	1	ты
20	388	1	очень
21	367	1	есть
22	355	1	но
23	333	1	мне
24	319	1	он
25	317	1	было
26	309	1	по
27	305	1	все
28	303	1	нет
29	290	1	меня
30	269	1	они
31	242	1	когда
32	232	1	она
33	232	1	потому
34	230	1	к
35	229	1	нас
36	219	1	э
37	216	1	из
38	216	1	просто
39	212	1	бы
40	211	1	уже
41	202	1	нрзб
42	199	1	б
43	195	1	за
44	187	1	знаю
45	185	1	вообще
46	184	1	потом
47	178	1	всё
48	164	1	же
49	160	1	была
50	156	1	ещё
51	156	1	или
52	155	1	мама
53	153	1	еще
54	146	1	был
55	142	1	тоже
56	141	1	такой
57	140	1	если
58	139	1	эээ
59	127	1	сейчас
60	123	1	смех
61	122	1	о
62	117	1	про
63	115	1	были
64	115	1	общем
65	114	1	говорящий
66	114	1	такая
67	113	1	даже
68	113	1	его
69	110	1	их
70	108	1	значит
71	108	1	тебе
72	105	1	раз
73	103	1	бабушка
74	103	1	ээ
75	101	1	типа
76	100	1	где
77	99	1	лиля
78	99	1	чтобы
79	98	1	нибудь
80	97	1	какие
81	97	1	п
82	96	1	тебя
83	95	1	для
84	95	1	до
85	95	1	какой
86	95	1	конечно
87	95	1	кто
88	94	1	только
89	93	1	много
90	92	1	надо
91	91	1	вы
92	91	1	может
93	90	1	короче
94	88	1	анна
95	85	1	которые
96	85	1	можно
97	83	1	настя
98	83	1	три
99	83	1	этот
100	80	1	будет
101	80	1	м
102	80	1	такое
103	78	1	больше
104	77	1	от
105	76	1	быть
106	76	1	говорят
107	76	1	рома
108	76	1	такие
109	76	1	хорошо
110	74	1	нам
111	73	1	поэтому
112	73	1	тут
113	71	1	чем
114	70	1	ребенок
115	69	1	самом
116	69	1	студент
117	68	1	этом
118	67	1	лет
119	66	1	костя
120	66	1	почему
121	65	1	думаю
122	65	1	ничего
123	64	1	время
124	64	1	деле
125	64	1	логопед
126	64	1	тогда
127	63	1	помню
128	63	1	пять
129	62	1	наверное
130	61	1	два
131	61	1	оля
132	60	1	маша
133	60	1	этого
134	58	1	сказать
135	57	1	брат
136	57	1	угу
137	56	1	арина
138	56	1	который
139	55	1	кстати
140	55	1	полина
141	54	1	люди
142	54	1	эти
143	53	1	ваня
144	53	1	катя
145	52	1	здесь
146	52	1	ладно
147	52	1	например
148	51	1	ни
149	50	1	алёна
150	50	1	гузель
151	50	1	день
152	50	1	ммм
153	50	1	него
154	50	1	один
155	50	1	человек
156	50	1	эльза
157	50	1	этой
158	49	1	всегда
159	49	1	минут
160	49	1	прямо
161	49	1	том
162	49	1	туда
163	48	1	во
164	48	1	себе
165	48	1	хотя
166	47	1	елена
167	47	1	одновременно
168	46	1	знаешь
169	46	1	кажется
170	46	1	никита
171	46	1	получается
172	46	1	саша
173	46	1	т
174	46	1	эм
175	45	1	моему
176	45	1	того
177	45	1	эту
178	44	1	ли
179	44	1	сколько
180	44	1	ха
181	43	1	всего
182	43	1	давай
183	43	1	которая
184	43	1	нужно
185	42	1	говорит
186	42	1	говорю
187	42	1	них
188	42	1	через
189	41	1	школу
190	40	1	говорить
191	40	1	двадцать
192	40	1	делать
193	40	1	именно
194	40	1	какая
195	40	1	ой
196	40	1	со
197	40	1	эта
198	39	1	её
199	39	1	людей
200	39	1	могу
201	39	1	после
202	38	1	алексей
203	38	1	блин
204	38	1	достаточно
205	38	1	ее
206	38	1	жизни
207	38	1	ирина
208	38	1	л
209	38	1	ольга
210	38	1	роман
211	38	1	тем
212	37	1	мой
213	37	1	пока
214	36	1	года
215	36	1	две
216	36	1	одна
217	36	1	хочу
218	36	1	юля
219	35	1	андрей
220	35	1	всех
221	35	1	мм
222	35	1	себя
223	35	1	четыре
224	35	1	этим
225	34	1	ага
226	34	1	без
227	34	1	голос
228	34	1	куда
229	34	1	люблю
230	34	1	нравится
231	34	1	теперь
232	33	1	интервьюер
233	33	1	р
234	32	1	ba
235	32	1	m
236	32	1	mama
237	32	1	буду
238	32	1	вроде
239	32	1	ему
240	32	1	лера
241	31	1	ааа
242	31	1	дело
243	31	1	иногда
244	31	1	какое
245	31	1	под
246	31	1	при
247	31	1	спасибо
248	30	1	з
249	30	1	нормально
250	30	1	первый
251	30	1	расскажи
252	30	1	чего
253	29	1	вам
254	29	1	г
255	29	1	сам
256	29	1	сама
257	29	1	сделать
258	29	1	соответственно
259	29	1	старший
260	29	1	хотела
261	28	1	детей
262	28	1	ездили
263	28	1	им
264	28	1	обычно
265	28	1	понравилось
266	28	1	совсем
267	28	1	таки
268	27	1	аа
269	27	1	ей
270	27	1	жизнь
271	27	1	интересно
272	27	1	каждый
273	27	1	можешь
274	27	1	моя
275	27	1	оно
276	27	1	слова
277	27	1	хочется
278	27	1	хочешь
279	26	1	булат
280	26	1	между
281	26	1	плюс
282	26	1	рассказать
283	26	1	самое
284	26	1	смысле
285	25	1	h
286	25	1	варвара
287	25	1	вика
288	25	1	всякие
289	25	1	господи
290	25	1	лучше
291	25	1	опять
292	25	1	татьяна
293	24	1	вопрос
294	24	1	деньги
295	24	1	класс
296	24	1	кому
297	24	1	либо
298	24	1	нее
299	24	1	некоторые
300	24	1	понятно
301	24	1	принципе
302	24	1	своей
303	24	1	сегодня
304	24	1	такого
305	24	1	чуть
306	24	1	шесть
307	23	1	времени
308	23	1	далее
309	23	1	дома
310	23	1	наверно
311	23	1	называется
312	23	1	равно
313	23	1	таких
314	23	1	те
315	22	1	большой
316	22	1	дальше
317	22	1	дети
318	22	1	какую
319	22	1	матвей
320	22	1	ней
321	22	1	несколько
322	22	1	часов
323	22	1	чтоб
324	22	1	школе
325	21	1	виктор
326	21	1	год
327	21	1	долго
328	21	1	жили
329	21	1	жить
330	21	1	кого
331	21	1	миша
332	21	1	помнишь
333	21	1	прям
334	21	1	свою
335	21	1	тобой
336	21	1	хоть
337	21	1	язык
338	20	1	более
339	20	1	галя
340	20	1	дочка
341	20	1	друг
342	20	1	другой
343	20	1	другому
344	20	1	думала
345	20	1	каких
346	20	1	места
347	20	1	нельзя
348	20	1	никто
349	20	1	свой
350	20	1	тридцать
351	19	1	вечером
352	19	1	второй
353	19	1	говоря
354	19	1	допустим
355	19	1	зачем
356	19	1	лариса
357	19	1	место
358	19	1	младший
359	19	1	н
360	19	1	немножко
361	19	1	никогда
362	19	1	ним
363	19	1	одной
364	19	1	павел
365	19	1	приехали
366	19	1	работать
367	19	1	слишком
368	19	1	слово
369	19	1	стоит
370	19	1	тот
371	19	1	учиться
372	19	1	хотел
373	19	1	час
374	19	1	чём
375	18	1	весь
376	18	1	говоришь
377	18	1	денег
378	18	1	дом
379	18	1	е
380	18	1	итоге
381	18	1	каким
382	18	1	москве
383	18	1	понимаю
384	18	1	пор
385	18	1	поскольку
386	18	1	проблемы
387	18	1	разных
388	18	1	русский
389	18	1	сильно
390	18	1	сначала
391	18	1	стороны
392	18	1	тему
393	18	1	фильм
394	18	1	этих
395	17	1	будут
396	17	1	возможно
397	17	1	всем
398	17	1	году
399	17	1	давайте
400	17	1	дня
401	17	1	довольно
402	17	1	заниматься
403	17	1	зовут
404	17	1	игорь
405	17	1	кадром
406	17	1	кем
407	17	1	могут
408	17	1	моей
409	17	1	начал
410	17	1	неё
411	17	1	получилось
412	17	1	пошла
413	17	1	разные
414	17	1	самый
415	17	1	стал
416	17	1	учитель
417	17	1	ходила
418	17	1	человека
419	17	1	што
420	16	1	sg
421	16	1	видео
422	16	1	вместе
423	16	1	выборы
424	16	1	девять
425	16	1	десять
426	16	1	другие
427	16	1	естественно
428	16	1	москвы
429	16	1	наш
430	16	1	наша
431	16	1	особенно
432	16	1	перед
433	16	1	пожалуйста
434	16	1	правда
435	16	1	раньше
436	16	1	реально
437	16	1	родители
438	16	1	семь
439	16	1	сказал
440	16	1	совершенно
441	16	1	сразу
442	16	1	уж
443	16	1	ходили
444	16	1	читать
445	16	1	школа
446	16	1	языке
447	15	1	y
448	15	1	будешь
449	15	1	вас
450	15	1	должен
451	15	1	ж
452	15	1	играть
453	15	1	классе
454	15	1	которой
455	15	1	куча
456	15	1	метро
457	15	1	минуты
458	15	1	момент
459	15	1	нашей
460	15	1	одно
461	15	1	одну
462	15	1	окей
463	15	1	поехали
464	15	1	понял
465	15	1	поняла
466	15	1	привет
467	15	1	свои
468	15	1	семьи
469	15	1	сергей
470	15	1	сих
471	15	1	смотрю
472	15	1	сюда
473	15	1	точно
474	14	1	d
475	14	1	вещи
476	14	1	вся
477	14	1	главное
478	14	1	говори
479	14	1	дела
480	14	1	должны
481	14	1	домой
482	14	1	других
483	14	1	кирилл
484	14	1	которую
485	14	1	любит
486	14	1	мало
487	14	1	мои
488	14	1	надеюсь
489	14	1	наши
490	14	1	новый
491	14	1	олегсергеевич
492	14	1	пятнадцать
493	14	1	россии
494	14	1	света
495	14	1	сказали
496	14	1	собственно
497	14	1	стать
498	14	1	утра
499	14	1	хотелось
500	13	1	алина
501	13	1	большая
502	13	1	бывает
503	13	1	видимо
504	13	1	восемь
505	13	1	всю
506	13	1	говорила
507	13	1	девочка
508	13	1	другую
509	13	1	думаешь
510	13	1	завтра
511	13	1	идти
512	13	1	какими
513	13	1	каком
514	13	1	кешью
515	13	1	концерт
516	13	1	маленький
517	13	1	мать
518	13	1	машина
519	13	1	месте
520	13	1	минус
521	13	1	море
522	13	1	начала
523	13	1	основном
524	13	1	первой
525	13	1	пойти
526	13	1	постоянно
527	13	1	рублей
528	13	1	семья
529	13	1	сижу
530	13	1	скорее
531	13	1	смотреть
532	13	1	спать
533	13	1	специально
534	13	1	спокойно
535	13	1	твои
536	13	1	улице
537	13	1	учились
538	13	1	ходить
539	13	1	честно
540	13	1	школы
541	13	1	юлия
542	13	1	языка
543	12	1	берег
544	12	1	вдруг
545	12	1	весело
546	12	1	говорил
547	12	1	говорили
548	12	1	давно
549	12	1	делали
550	12	1	делаю
551	12	1	детстве
552	12	1	друзья
553	12	1	знает
554	12	1	идет
555	12	1	квартиру
556	12	1	которое
557	12	1	кроме
558	12	1	круто
559	12	1	купил
560	12	1	купить
561	12	1	любят
562	12	1	меньше
563	12	1	многие
564	12	1	над
565	12	1	наоборот
566	12	1	наших
567	12	1	недавно
568	12	1	нравятся
569	12	1	первых
570	12	1	плане
571	12	1	плохо
572	12	1	поговорить
573	12	1	почти
574	12	1	пошли
575	12	1	пятьдесят
576	12	1	работу
577	12	1	работы
578	12	1	решил
579	12	1	своим
580	12	1	своих
581	12	1	семье
582	12	1	серьезно
583	12	1	сложно
584	12	1	смешно
585	12	1	собой
586	12	1	часть
587	11	1	inan
588	11	1	будто
589	11	1	быстро
590	11	1	взял
591	11	1	владислав
592	11	1	всеми
593	11	1	город
594	11	1	давали
595	11	1	девочки
596	11	1	девяносто
597	11	1	действительно
598	11	1	другое
599	11	1	здорово
600	11	1	знаете
601	11	1	знала
602	11	1	кадра
603	11	1	квартире
604	11	1	классно
605	11	1	кхм
606	11	1	летом
607	11	1	машины
608	11	1	менее
609	11	1	мир
610	11	1	можем
611	11	1	назад
612	11	1	найти
613	11	1	об
614	11	1	отец
615	11	1	писала
616	11	1	понимаешь
617	11	1	посмотреть
618	11	1	пошел
619	11	1	прошли
620	11	1	работа
621	11	1	расскажу
622	11	1	рассказчик
623	11	1	рядом
624	11	1	сами
625	11	1	связи
626	11	1	скажем
627	11	1	смеётся
628	11	1	смотри
629	11	1	соседка
630	11	1	страны
631	11	1	считаю
632	11	1	таким
633	11	1	темы
634	11	1	тому
635	11	1	тысячи
636	11	1	утром
637	11	1	училась
638	11	1	холодно
639	11	1	хорошие
640	11	1	хотели
641	11	1	часто
642	10	1	бывают
643	10	1	взять
644	10	1	вкус
645	10	1	вопросы
646	10	1	восемьдесят
647	10	1	двух
648	10	1	дед
649	10	1	дедушка
650	10	1	длинные
651	10	1	дней
652	10	1	должна
653	10	1	ехать
654	10	1	забыл
655	10	1	иии
656	10	1	интересные
657	10	1	картинка
658	10	1	кашель
659	10	1	ко
660	10	1	михаил
661	10	1	мной
662	10	1	написано
663	10	1	народ
664	10	1	начале
665	10	1	начали
666	10	1	нем
667	10	1	никаких
668	10	1	нуу
669	10	1	области
670	10	1	образом
671	10	1	обратно
672	10	1	озеро
673	10	1	особо
674	10	1	пол
675	10	1	прикольно
676	10	1	пришла
677	10	1	работает
678	10	1	рассказывала
679	10	1	ребята
680	10	1	своё
681	10	1	сказала
682	10	1	слушай
683	10	1	смешок
684	10	1	собака
685	10	1	стали
686	10	1	стало
687	10	1	ушёл
688	10	1	хороший
689	10	1	хотят
690	10	1	является
691	9	1	a
692	9	1	n
693	9	1	абсолютно
694	9	1	ан
695	9	1	анатолий
696	9	1	ар
697	9	1	берут
698	9	1	большое
699	9	1	брали
700	9	1	будем
701	9	1	ведет
702	9	1	взяли
703	9	1	видел
704	9	1	видишь
705	9	1	вокруг
706	9	1	города
707	9	1	городе
708	9	1	грустный
709	9	1	двенадцать
710	9	1	двести
711	9	1	другом
712	9	1	друзей
713	9	1	едем
714	9	1	женщина
715	9	1	живут
716	9	1	жил
717	9	1	зала
718	9	1	институте
719	9	1	историю
720	9	1	какого
721	9	1	кошки
722	9	1	леонид
723	9	1	маленькая
724	9	1	машине
725	9	1	мое
726	9	1	можете
727	9	1	москву
728	9	1	нами
729	9	1	насколько
730	9	1	невозможно
731	9	1	непонятно
732	9	1	нечего
733	9	1	отношение
734	9	1	отношения
735	9	1	папа
736	9	1	пару
737	9	1	переехали
738	9	1	подожди
739	9	1	половиной
740	9	1	примерно
741	9	1	причем
742	9	1	пришлось
743	9	1	раза
744	9	1	решили
745	9	1	руки
746	9	1	ситуация
747	9	1	следующий
748	9	1	смеется
749	9	1	смесь
750	9	1	стала
751	9	1	столько
752	9	1	страна
753	9	1	также
754	9	1	такую
755	9	1	танцами
756	9	1	твой
757	9	1	твоя
758	9	1	текст
759	9	1	тяжело
760	9	1	учителя
761	9	1	ушли
762	9	1	хорошая
763	9	1	хочет
764	9	1	чай
765	9	1	часа
766	9	1	эмм
767	9	1	этому
768	8	1	acc
769	8	1	komm
770	8	1	nom
771	8	1	ааa
772	8	1	английский
773	8	1	безусловно
774	8	1	белоруссии
775	8	1	брать
776	8	1	брови
777	8	1	вертолет
778	8	1	втором
779	8	1	говорящийа
780	8	1	говорящийб
781	8	1	грустно
782	8	1	далеко
783	8	1	дают
784	8	1	дверь
785	8	1	делаешь
786	8	1	друга
787	8	1	егэ
788	8	1	замечательно
789	8	1	занимается
790	8	1	звук
791	8	1	зимой
792	8	1	зрения
793	8	1	иду
794	8	1	илья
795	8	1	имеет
796	8	1	интересного
797	8	1	интересный
798	8	1	использовать
799	8	1	история
800	8	1	италии
801	8	1	казалось
802	8	1	колесико
803	8	1	компании
804	8	1	которых
805	8	1	купила
806	8	1	лично
807	8	1	любишь
808	8	1	любовь
809	8	1	любой
810	8	1	людям
811	8	1	лёва
812	8	1	маленькие
813	8	1	мамой
814	8	1	мемы
815	8	1	многих
816	8	1	могла
817	8	1	модель
818	8	1	моих
819	8	1	надя
820	8	1	немного
821	8	1	нему
822	8	1	неплохо
823	8	1	неудобно
824	8	1	никак
825	8	1	никит
826	8	1	ними
827	8	1	номер
828	8	1	ночь
829	8	1	нужен
830	8	1	обязательно
831	8	1	одиннадцать
832	8	1	одном
833	8	1	около
834	8	1	опыт
835	8	1	осталось
836	8	1	паре
837	8	1	поехал
838	8	1	получил
839	8	1	практически
840	8	1	придется
841	8	1	приехал
842	8	1	прихожу
843	8	1	пришел
844	8	1	путь
845	8	1	работала
846	8	1	разговор
847	8	1	районе
848	8	1	рано
849	8	1	речь
850	8	1	решила
851	8	1	родителей
852	8	1	сделал
853	8	1	сделали
854	8	1	смотрел
855	8	1	смотрела
856	8	1	сожалению
857	8	1	среди
858	8	1	сто
859	8	1	студентов
860	8	1	типо
861	8	1	умер
862	8	1	учился
863	8	1	учится
864	8	1	хе
865	8	1	ходят
866	8	1	целый
867	8	1	части
868	8	1	эт
869	8	1	ясно
870	7	1	s
871	7	1	александра
872	7	1	бабушкой
873	7	1	боже
874	7	1	борис
875	7	1	буквы
876	7	1	вечера
877	7	1	вещей
878	7	1	взяла
879	7	1	видно
880	7	1	вышел
881	7	1	говорим
882	7	1	готов
883	7	1	готовили
884	7	1	двери
885	7	1	двумя
886	7	1	детство
887	7	1	детьми
888	7	1	друзьями
889	7	1	единственное
890	7	1	ездить
891	7	1	ехали
892	7	1	женщины
893	7	1	живёт
894	7	1	забыла
895	7	1	задание
896	7	1	затем
897	7	1	земли
898	7	1	знал
899	7	1	идут
900	7	1	изначально
901	7	1	карл
902	7	1	квартиры
903	7	1	километров
904	7	1	короткий
905	7	1	котором
906	7	1	красивый
907	7	1	лагеря
908	7	1	минимум
909	7	1	мог
910	7	1	настолько
911	7	1	началась
912	7	1	начинается
913	7	1	наше
914	7	1	нашем
915	7	1	нашли
916	7	1	недели
917	7	1	неделю
918	7	1	ненавижу
919	7	1	нету
920	7	1	новые
921	7	1	ноль
922	7	1	общаться
923	7	1	одни
924	7	1	остался
925	7	1	остальное
926	7	1	парень
927	7	1	первую
928	7	1	перевести
929	7	1	получится
930	7	1	понравилась
931	7	1	понравились
932	7	1	попал
933	7	1	последний
934	7	1	пошёл
935	7	1	пришли
936	7	1	проблема
937	7	1	происходит
938	7	1	против
939	7	1	прошло
940	7	1	пусть
941	7	1	пытаюсь
942	7	1	рассказывали
943	7	1	ребят
944	7	1	секунд
945	7	1	система
946	7	1	скажи
947	7	1	скоро
948	7	1	слов
949	7	1	сорок
950	7	1	становится
951	7	1	стоят
952	7	1	стране
953	7	1	супер
954	7	1	та
955	7	1	точнее
956	7	1	троих
957	7	1	троллейбус
958	7	1	увидел
959	7	1	улица
960	7	1	факт
961	7	1	франции
962	7	1	ходил
963	7	1	хотим
964	7	1	человечек
965	7	1	чему
966	7	1	чисто
967	7	1	читаю
968	7	1	чё
969	7	1	шли
970	6	1	distinct
971	6	1	onion
972	6	1	part
973	6	1	автобус
974	6	1	автобусе
975	6	1	ам
976	6	1	антифриз
977	6	1	бабуля
978	6	1	бабушки
979	6	1	бешбармак
980	6	1	большие
981	6	1	большую
982	6	1	буквально
983	6	1	бутово
984	6	1	вау
985	6	1	верно
986	6	1	виду
987	6	1	волосы
988	6	1	восемнадцать
989	6	1	вполне
990	6	1	всей
991	6	1	всяких
992	6	1	вторых
993	6	1	выпускной
994	6	1	вышла
995	6	1	газета
996	6	1	главного
997	6	1	говорится
998	6	1	годы
999	6	1	гончар
1000	6	1	гораздо
1001	6	1	готовился
1002	6	1	группа
1003	6	1	должно
1004	6	1	доме
1005	6	1	думали
1006	6	1	ездил
1007	6	1	жигули
1008	6	1	загрузили
1009	6	1	закончила
1010	6	1	запомнила
1011	6	1	знаем
1012	6	1	знак
1013	6	1	играет
1014	6	1	играли
1015	6	1	идёт
1016	6	1	институт
1017	6	1	информация
1018	6	1	иран
1019	6	1	ирана
1020	6	1	ка
1021	6	1	каждого
1022	6	1	казахстана
1023	6	1	класса
1024	6	1	книги
1025	6	1	колесо
1026	6	1	коллектив
1027	6	1	конце
1028	6	1	кормила
1029	6	1	которого
1030	6	1	красиво
1031	6	1	крым
1032	6	1	культура
1033	6	1	лагере
1034	6	1	лагерь
1035	6	1	легко
1036	6	1	лингвистике
1037	6	1	литературу
1038	6	1	лишь
1039	6	1	лук
1040	6	1	лучший
1041	6	1	любил
1042	6	1	любимый
1043	6	1	математике
1044	6	1	мгм
1045	6	1	мем
1046	6	1	месяц
1047	6	1	миллионов
1048	6	1	могли
1049	6	1	молодец
1050	6	1	мужик
1051	6	1	мужчина
1052	6	1	мясо
1053	6	1	намного
1054	6	1	написала
1055	6	1	находятся
1056	6	1	начинает
1057	6	1	нашего
1058	6	1	немец
1059	6	1	никакой
1060	6	1	никуда
1061	6	1	ногой
1062	6	1	носили
1063	6	1	обед
1064	6	1	одного
1065	6	1	орешки
1066	6	1	первом
1067	6	1	поговорим
1068	6	1	погрей
1069	6	1	подумала
1070	6	1	поздно
1071	6	1	покупайте
1072	6	1	полностью
1073	6	1	полу
1074	6	1	польский
1075	6	1	понравился
1076	6	1	поступил
1077	6	1	появились
1078	6	1	преподаватели
1079	6	1	причём
1080	6	1	пятёрка
1081	6	1	работе
1082	6	1	район
1083	6	1	рассказывать
1084	6	1	рождения
1085	6	1	русские
1086	6	1	самого
1087	6	1	самолет
1088	6	1	самые
1089	6	1	саш
1090	6	1	свет
1091	6	1	свое
1092	6	1	семьдесят
1093	6	1	семью
1094	6	1	скажу
1095	6	1	слава
1096	6	1	словами
1097	6	1	слышно
1098	6	1	снимали
1099	6	1	снимать
1100	6	1	снова
1101	6	1	советского
1102	6	1	сообщение
1103	6	1	спал
1104	6	1	спрашивают
1105	6	1	спросить
1106	6	1	страшно
1107	6	1	студенты
1108	6	1	судить
1109	6	1	сути
1110	6	1	сынок
1111	6	1	таком
1112	6	1	тех
1113	6	1	той
1114	6	1	точки
1115	6	1	трудно
1116	6	1	ту
1117	6	1	тысяч
1118	6	1	убирай
1119	6	1	учителей
1120	6	1	учителем
1121	6	1	ушел
1122	6	1	х
1123	6	1	худи
1124	6	1	церковь
1125	6	1	чувак
1126	6	1	школ
1127	6	1	штук
1128	6	1	шёл
1129	6	1	щас
1130	6	1	этаж
1131	6	1	эх
1132	5	1	num
1133	5	1	активно
1134	5	1	арахис
1135	5	1	бабушку
1136	5	1	баллов
1137	5	1	берет
1138	5	1	билет
1139	5	1	ближе
1140	5	1	богу
1141	5	1	боюсь
1142	5	1	будущем
1143	5	1	вариант
1144	5	1	венера
1145	5	1	вернее
1146	5	1	вещь
1147	5	1	взгляд
1148	5	1	вид
1149	5	1	видела
1150	5	1	видеть
1151	5	1	вкусный
1152	5	1	владимир
1153	5	1	вложил
1154	5	1	вместо
1155	5	1	вниз
1156	5	1	восьми
1157	5	1	второго
1158	5	1	второе
1159	5	1	выбор
1160	5	1	выиграл
1161	5	1	вырезать
1162	5	1	вырос
1163	5	1	выставках
1164	5	1	выходные
1165	5	1	вышло
1166	5	1	гешу
1167	5	1	голову
1168	5	1	горбачёв
1169	5	1	гости
1170	5	1	грубо
1171	5	1	грязь
1172	5	1	гэкаю
1173	5	1	двадцати
1174	5	1	делаем
1175	5	1	делала
1176	5	1	делают
1177	5	1	держать
1178	5	1	детали
1179	5	1	детства
1180	5	1	деятельности
1181	5	1	доехали
1182	5	1	долг
1183	5	1	дороже
1184	5	1	другим
1185	5	1	ездила
1186	5	1	ездит
1187	5	1	ест
1188	5	1	желание
1189	5	1	жестко
1190	5	1	жесть
1191	5	1	живу
1192	5	1	жила
1193	5	1	заранее
1194	5	1	зато
1195	5	1	зашли
1196	5	1	знать
1197	5	1	идее
1198	5	1	идешь
1199	5	1	ии
1200	5	1	ильямихайлович
1201	5	1	имею
1202	5	1	имеют
1203	5	1	иначе
1204	5	1	инопланетян
1205	5	1	интернете
1206	5	1	искать
1207	5	1	итак
1208	5	1	каждом
1209	5	1	камеру
1210	5	1	каракатицах
1211	5	1	картинки
1212	5	1	квартира
1213	5	1	кили
1214	5	1	килограмм
1215	5	1	классов
1216	5	1	комнате
1217	5	1	коридоре
1218	5	1	корпус
1219	5	1	корреспондентом
1220	5	1	красивые
1221	5	1	крестик
1222	5	1	крысу
1223	5	1	купили
1224	5	1	лекцию
1225	5	1	лилии
1226	5	1	лингвисты
1227	5	1	лол
1228	5	1	лука
1229	5	1	магазин
1230	5	1	маккартни
1231	5	1	мальчик
1232	5	1	маме
1233	5	1	маму
1234	5	1	марина
1235	5	1	мария
1236	5	1	марс
1237	5	1	математический
1238	5	1	машину
1239	5	1	меровинги
1240	5	1	мечты
1241	5	1	мимо
1242	5	1	миндаль
1243	5	1	многим
1244	5	1	мол
1245	5	1	москва
1246	5	1	нагло
1247	5	1	назывался
1248	5	1	най
1249	5	1	недалеко
1250	5	1	ненавидят
1251	5	1	никому
1252	5	1	нового
1253	5	1	нужны
1254	5	1	нём
1255	5	1	общества
1256	5	1	ого
1257	5	1	одновременнно
1258	5	1	ок
1259	5	1	осталась
1260	5	1	остановиться
1261	5	1	отлично
1262	5	1	оттуда
1263	5	1	оценки
1264	5	1	очки
1265	5	1	пальто
1266	5	1	парадигма
1267	5	1	переехать
1268	5	1	писал
1269	5	1	писать
1270	5	1	платье
1271	5	1	победил
1272	5	1	подписывайтесь
1273	5	1	подумал
1274	5	1	поездки
1275	5	1	поехала
1276	5	1	показывает
1277	5	1	поле
1278	5	1	полтора
1279	5	1	получалось
1280	5	1	последняя
1281	5	1	посмотрела
1282	5	1	поставить
1283	5	1	построили
1284	5	1	правило
1285	5	1	правильно
1286	5	1	прекрасный
1287	5	1	приходили
1288	5	1	приходится
1289	5	1	проронил
1290	5	1	проходят
1291	5	1	прочее
1292	5	1	прочим
1293	5	1	прошёл
1294	5	1	пытался
1295	5	1	пью
1296	5	1	пятом
1297	5	1	пятый
1298	5	1	ради
1299	5	1	различные
1300	5	1	расписание
1301	5	1	рассказывал
1302	5	1	ребёнок
1303	5	1	результате
1304	5	1	рентген
1305	5	1	родителям
1306	5	1	роль
1307	5	1	русская
1308	5	1	русского
1309	5	1	русском
1310	5	1	салют
1311	5	1	самая
1312	5	1	самой
1313	5	1	самую
1314	5	1	своем
1315	5	1	своими
1316	5	1	своём
1317	5	1	села
1318	5	1	сестра
1319	5	1	сидела
1320	5	1	сидит
1321	5	1	сил
1322	5	1	систему
1323	5	1	системы
1324	5	1	скайп
1325	5	1	складывается
1326	5	1	следующая
1327	5	1	слышал
1328	5	1	снимаешь
1329	5	1	согласна
1330	5	1	стоять
1331	5	1	странно
1332	5	1	суть
1333	5	1	сходить
1334	5	1	счёт
1335	5	1	съела
1336	5	1	твёрдый
1337	5	1	театр
1338	5	1	телефон
1339	5	1	тину
1340	5	1	толстовка
1341	5	1	третьем
1342	5	1	увидела
1343	5	1	угодно
1344	5	1	удалось
1345	5	1	удобно
1346	5	1	удовольствие
1347	5	1	умел
1348	5	1	уметь
1349	5	1	умеют
1350	5	1	уровне
1351	5	1	успела
1352	5	1	учёба
1353	5	1	фамилия
1354	5	1	физике
1355	5	1	физику
1356	5	1	фильмов
1357	5	1	фильмы
1358	5	1	французский
1359	5	1	хватает
1360	5	1	хватит
1361	5	1	хихи
1362	5	1	хм
1363	5	1	хорватии
1364	5	1	хорошее
1365	5	1	цветы
1366	5	1	целую
1367	5	1	человеком
1368	5	1	читает
1369	5	1	читал
1370	5	1	шестьдесят
1371	5	1	штука
1372	5	1	эд
