#Total No. of N-Gram Types: 5378
#Total No. of N-Gram Tokens: 140131
1	7203	1	в
2	4237	1	и
3	3792	1	на
4	2263	1	не
5	2099	1	по
6	1911	1	с
7	1820	1	что
8	935	1	к
9	930	1	из
10	916	1	за
11	850	1	для
12	839	1	о
13	756	1	но
14	731	1	это
15	727	1	от
16	719	1	года
17	718	1	а
18	714	1	он
19	685	1	рбк
20	674	1	россии
21	635	1	как
22	630	1	до
23	629	1	будет
24	604	1	руб
25	591	1	его
26	582	1	млрд
27	517	1	у
28	457	1	говорит
29	455	1	может
30	451	1	году
31	402	1	то
32	392	1	компании
33	373	1	если
34	365	1	также
35	357	1	при
36	324	1	уже
37	316	1	более
38	308	1	только
39	305	1	которые
40	295	1	их
41	294	1	банка
42	292	1	все
43	290	1	млн
44	288	1	есть
45	280	1	этом
46	269	1	еще
47	268	1	том
48	260	1	представитель
49	257	1	этого
50	255	1	быть
51	255	1	мы
52	254	1	словам
53	252	1	было
54	248	1	сейчас
55	247	1	был
56	247	1	они
57	246	1	или
58	240	1	банк
59	238	1	так
60	237	1	сказал
61	236	1	во
62	232	1	сентября
63	227	1	об
64	222	1	будут
65	220	1	бы
66	217	1	ее
67	216	1	были
68	216	1	же
69	214	1	после
70	201	1	под
71	200	1	того
72	199	1	время
73	195	1	который
74	194	1	могут
75	186	1	со
76	185	1	цб
77	184	1	считает
78	183	1	чем
79	182	1	заявил
80	180	1	источник
81	180	1	компания
82	180	1	около
83	179	1	украины
84	175	1	чтобы
85	173	1	пока
86	171	1	власти
87	171	1	тыс
88	164	1	лет
89	160	1	россия
90	160	1	стороны
91	159	1	год
92	157	1	она
93	153	1	банков
94	153	1	этот
95	152	1	вопрос
96	152	1	даже
97	150	1	всего
98	150	1	российских
99	146	1	можно
100	146	1	президента
101	145	1	банки
102	144	1	президент
103	143	1	решение
104	142	1	санкций
105	142	1	системы
106	141	1	нет
107	140	1	два
108	135	1	один
109	134	1	когда
110	133	1	рост
111	132	1	случае
112	130	1	против
113	129	1	однако
114	129	1	санкции
115	129	1	сообщил
116	128	1	компаний
117	126	1	отмечает
118	125	1	капитала
119	125	1	сша
120	125	1	этой
121	124	1	ли
122	124	1	правительства
123	124	1	развития
124	122	1	них
125	122	1	ранее
126	122	1	числе
127	117	1	акций
128	116	1	больше
129	115	1	несколько
130	115	1	через
131	115	1	эти
132	114	1	всех
133	114	1	счет
134	113	1	владимир
135	112	1	александр
136	112	1	без
137	112	1	тем
138	112	1	этих
139	112	1	я
140	111	1	поэтому
141	110	1	которая
142	109	1	близкий
143	109	1	бюджета
144	109	1	комитета
145	108	1	должны
146	107	1	была
147	106	1	очень
148	106	1	правительство
149	105	1	газа
150	105	1	например
151	105	1	партии
152	104	1	августа
153	104	1	между
154	104	1	ни
155	104	1	часть
156	103	1	бизнес
157	103	1	данным
158	103	1	роста
159	103	1	ситуации
160	102	1	средств
161	101	1	акции
162	101	1	которых
163	101	1	рассказал
164	100	1	втб
165	100	1	страны
166	99	1	система
167	98	1	башнефти
168	98	1	глава
169	97	1	т
170	95	1	фонда
171	94	1	области
172	94	1	российской
173	94	1	рынке
174	93	1	выборах
175	93	1	пресс
176	91	1	директор
177	91	1	кроме
178	91	1	проект
179	91	1	рынка
180	90	1	является
181	89	1	почти
182	89	1	российские
183	89	1	тогда
184	89	1	экономики
185	88	1	возможность
186	88	1	где
187	88	1	должен
188	88	1	премьер
189	88	1	путина
190	88	1	собеседник
191	87	1	андрей
192	87	1	москвы
193	87	1	раз
194	87	1	свои
195	86	1	ему
196	86	1	новых
197	86	1	порошенко
198	86	1	российского
199	86	1	средства
200	86	1	цен
201	86	1	человек
202	85	1	говорится
203	85	1	им
204	84	1	говорил
205	84	1	деньги
206	84	1	евтушенкова
207	84	1	закон
208	84	1	нужно
209	84	1	три
210	83	1	алексей
211	83	1	суд
212	82	1	других
213	82	1	сергей
214	82	1	совета
215	82	1	согласно
216	82	1	такой
217	81	1	другие
218	81	1	налога
219	80	1	вице
220	79	1	начале
221	79	1	части
222	79	1	эксперты
223	78	1	другой
224	78	1	условиях
225	77	1	идет
226	77	1	минэкономразвития
227	77	1	поскольку
228	77	1	своих
229	76	1	первый
230	76	1	тех
231	75	1	вчера
232	74	1	аналитик
233	74	1	дело
234	74	1	законопроект
235	74	1	эксперт
236	73	1	которой
237	73	1	лишь
238	73	1	мечела
239	73	1	минфин
240	73	1	свою
241	73	1	ставки
242	73	1	центра
243	72	1	возможно
244	72	1	единой
245	72	1	путин
246	71	1	конце
247	70	1	кто
248	70	1	продаж
249	70	1	работы
250	70	1	стал
251	70	1	украине
252	69	1	директоров
253	69	1	именно
254	69	1	роснефти
255	69	1	ситуация
256	69	1	хотя
257	68	1	бизнеса
258	68	1	мнению
259	68	1	нас
260	68	1	начала
261	68	1	отношении
262	68	1	п
263	67	1	двух
264	67	1	дела
265	67	1	менее
266	67	1	одного
267	67	1	период
268	67	1	представители
269	67	1	следует
270	66	1	главный
271	66	1	инфляции
272	66	1	которого
273	66	1	считают
274	66	1	фонд
275	65	1	итогам
276	65	1	либо
277	65	1	него
278	65	1	регионов
279	65	1	решения
280	65	1	уровне
281	65	1	эта
282	64	1	swift
283	64	1	качестве
284	64	1	председатель
285	64	1	пятницу
286	63	1	активов
287	63	1	выборов
288	63	1	газпром
289	63	1	зрения
290	63	1	крыма
291	63	1	москве
292	63	1	нефти
293	63	1	новые
294	63	1	потому
295	63	1	проекта
296	63	1	территории
297	62	1	августе
298	62	1	группы
299	62	1	капитал
300	62	1	м
301	62	1	организации
302	62	1	речь
303	62	1	связи
304	62	1	системе
305	62	1	таких
306	62	1	теперь
307	61	1	афк
308	61	1	газпрома
309	61	1	должна
310	61	1	меньше
311	61	1	над
312	61	1	одной
313	61	1	рынок
314	61	1	стать
315	61	1	течение
316	61	1	цены
317	61	1	эту
318	60	1	первом
319	60	1	правительстве
320	60	1	скорее
321	60	1	сми
322	59	1	дмитрий
323	59	1	сегодня
324	59	1	составляет
325	59	1	топ
326	58	1	госдумы
327	58	1	информации
328	57	1	руководитель
329	57	1	срок
330	57	1	строительство
331	57	1	частности
332	56	1	деятельности
333	56	1	работать
334	56	1	стали
335	56	1	стоимость
336	56	1	там
337	55	1	владимира
338	55	1	действия
339	55	1	депутатов
340	55	1	игорь
341	55	1	июля
342	55	1	нефть
343	55	1	образом
344	55	1	объем
345	55	1	поставок
346	55	1	пояснил
347	55	1	председателя
348	54	1	выборы
349	54	1	закона
350	54	1	иностранных
351	54	1	михаил
352	54	1	неделе
353	54	1	отказался
354	54	1	проектов
355	54	1	ржд
356	54	1	роснефть
357	54	1	рубля
358	54	1	стало
359	53	1	бюджет
360	53	1	ввп
361	53	1	годы
362	53	1	депутат
363	53	1	евтушенков
364	53	1	июле
365	53	1	минфина
366	53	1	несмотря
367	53	1	политики
368	53	1	право
369	53	1	придется
370	53	1	сможет
371	53	1	таким
372	53	1	уровня
373	52	1	мира
374	52	1	ним
375	52	1	проблемы
376	52	1	результате
377	52	1	российский
378	52	1	сам
379	52	1	участников
380	52	1	четверг
381	51	1	голосования
382	51	1	день
383	51	1	конца
384	51	1	кредитам
385	51	1	кредитов
386	51	1	последние
387	51	1	предложения
388	50	1	государства
389	50	1	министр
390	50	1	надо
391	50	1	примерно
392	50	1	рамках
393	50	1	регионах
394	50	1	экономист
395	49	1	bank
396	49	1	возможности
397	49	1	готовы
398	49	1	добавляет
399	49	1	ес
400	49	1	комитет
401	49	1	объясняет
402	49	1	пакет
403	49	1	практически
404	49	1	предполагает
405	49	1	продажи
406	49	1	проекты
407	49	1	работу
408	49	1	расходы
409	48	1	достаточно
410	48	1	первого
411	48	1	перед
412	48	1	поставки
413	48	1	россией
414	48	1	сделки
415	48	1	сравнению
416	48	1	суда
417	48	1	точки
418	48	1	украину
419	48	1	цена
420	47	1	днр
421	47	1	доля
422	47	1	комментариев
423	47	1	месяцев
424	47	1	новый
425	47	1	ходе
426	47	1	экономического
427	46	1	вариант
428	46	1	вторник
429	46	1	денег
430	46	1	долга
431	46	1	заседании
432	46	1	клиентов
433	46	1	повышения
434	46	1	получить
435	46	1	снижение
436	46	1	стран
437	45	1	активы
438	45	1	имеет
439	45	1	находится
440	45	1	олег
441	45	1	позволит
442	45	1	предложение
443	45	1	россию
444	45	1	сделать
445	45	1	участие
446	45	1	цене
447	44	1	годах
448	44	1	долю
449	44	1	лиц
450	44	1	отметил
451	44	1	полностью
452	44	1	президентом
453	44	1	прогноз
454	44	1	рф
455	44	1	службы
456	44	1	сумма
457	44	1	условия
458	44	1	фракции
459	44	1	этим
460	43	1	группа
461	43	1	меры
462	43	1	некоторые
463	43	1	поддержки
464	43	1	полагает
465	43	1	составил
466	43	1	спг
467	43	1	среди
468	43	1	такие
469	43	1	трлн
470	43	1	удалось
471	43	1	целом
472	42	1	большинство
473	42	1	вместе
474	42	1	времени
475	42	1	инвестиций
476	42	1	инвесторов
477	42	1	использовать
478	42	1	москва
479	42	1	нато
480	42	1	очередь
481	42	1	переговоры
482	42	1	прошлой
483	42	1	расходов
484	42	1	руководство
485	42	1	своего
486	42	1	своем
487	42	1	ставок
488	42	1	стоит
489	42	1	трех
490	42	1	управления
491	42	1	федерального
492	42	1	этому
493	41	1	банке
494	41	1	всегда
495	41	1	избирателей
496	41	1	которое
497	41	1	нефтяной
498	41	1	план
499	41	1	подтвердил
500	41	1	предлагает
501	41	1	просто
502	41	1	раза
503	41	1	уровень
504	40	1	башнефть
505	40	1	запрос
506	40	1	известно
507	40	1	кредиты
508	40	1	министра
509	40	1	многие
510	40	1	московской
511	40	1	назад
512	40	1	налоговой
513	40	1	оно
514	40	1	работает
515	40	1	себя
516	40	1	систему
517	40	1	список
518	40	1	такое
519	40	1	те
520	40	1	тому
521	40	1	тот
522	40	1	чиновник
523	39	1	s
524	39	1	введение
525	39	1	второй
526	39	1	говорить
527	39	1	годов
528	39	1	деятельность
529	39	1	должно
530	39	1	кредит
531	39	1	кризиса
532	39	1	крупных
533	39	1	основе
534	39	1	основной
535	39	1	пор
536	39	1	увеличение
537	39	1	финансовых
538	39	1	экономической
539	38	1	агентства
540	38	1	выше
541	38	1	говорят
542	38	1	дня
543	38	1	изменения
544	38	1	компаниям
545	38	1	конфликта
546	38	1	которым
547	38	1	кпрф
548	38	1	политолог
549	38	1	предприятий
550	38	1	риски
551	38	1	сайте
552	38	1	сообщила
553	38	1	ставку
554	38	1	такого
555	37	1	арест
556	37	1	вопросы
557	37	1	вы
558	37	1	главы
559	37	1	государство
560	37	1	доли
561	37	1	интервью
562	37	1	контроль
563	37	1	которую
564	37	1	кремлю
565	37	1	лнр
566	37	1	огня
567	37	1	отношений
568	37	1	приходится
569	37	1	реализации
570	37	1	сбербанка
571	37	1	своей
572	37	1	сообщили
573	37	1	украина
574	37	1	украинских
575	37	1	утверждает
576	37	1	экспорта
577	36	1	альфа
578	36	1	банкам
579	36	1	бирже
580	36	1	валюте
581	36	1	введения
582	36	1	какие
583	36	1	комиссии
584	36	1	крым
585	36	1	куб
586	36	1	нее
587	36	1	ограничения
588	36	1	оппозиции
589	36	1	политике
590	36	1	получила
591	36	1	понедельник
592	36	1	прежде
593	36	1	прибыль
594	36	1	размер
595	36	1	республики
596	36	1	руководству
597	36	1	среду
598	36	1	уголовного
599	36	1	указывает
600	36	1	уточнил
601	36	1	финансирования
602	36	1	число
603	35	1	акционеров
604	35	1	большой
605	35	1	газ
606	35	1	готов
607	35	1	заместитель
608	35	1	инвестиции
609	35	1	иск
610	35	1	источника
611	35	1	источники
612	35	1	китай
613	35	1	момент
614	35	1	населения
615	35	1	необходимо
616	35	1	партия
617	35	1	поддержку
618	35	1	ситуацию
619	35	1	снижения
620	35	1	совет
621	35	1	сразу
622	35	1	сумму
623	35	1	торгов
624	35	1	финансирование
625	35	1	член
626	35	1	экс
627	34	1	вряд
628	34	1	дмитрия
629	34	1	документ
630	34	1	завода
631	34	1	информацию
632	34	1	крыму
633	34	1	мечел
634	34	1	много
635	34	1	могли
636	34	1	налогов
637	34	1	некоторых
638	34	1	ниже
639	34	1	отношения
640	34	1	падение
641	34	1	производства
642	34	1	прошлого
643	34	1	путем
644	34	1	рспп
645	34	1	свой
646	34	1	силу
647	34	1	создать
648	34	1	стране
649	34	1	строительства
650	34	1	товаров
651	34	1	тоже
652	34	1	украинский
653	33	1	ofac
654	33	1	безопасности
655	33	1	виде
656	33	1	встречи
657	33	1	граждан
658	33	1	действительно
659	33	1	долг
660	33	1	кандидатов
661	33	1	людей
662	33	1	наиболее
663	33	1	нового
664	33	1	операции
665	33	1	остается
666	33	1	развитие
667	33	1	размере
668	33	1	региона
669	33	1	региональных
670	33	1	создание
671	33	1	счета
672	33	1	технологий
673	33	1	услуг
674	33	1	чиновники
675	32	1	utair
676	32	1	валюты
677	32	1	встрече
678	32	1	данные
679	32	1	дел
680	32	1	добавил
681	32	1	здесь
682	32	1	июне
683	32	1	квартале
684	32	1	конечно
685	32	1	котором
686	32	1	месторождения
687	32	1	объемы
688	32	1	премьера
689	32	1	прошлом
690	32	1	результаты
691	32	1	российским
692	32	1	росту
693	32	1	свое
694	32	1	совещании
695	32	1	сотрудник
696	32	1	статус
697	32	1	существенно
698	32	1	сценарий
699	32	1	увеличить
700	31	1	агентство
701	31	1	востоке
702	31	1	донбасса
703	31	1	итоге
704	31	1	крупные
705	31	1	люди
706	31	1	общей
707	31	1	ополченцы
708	31	1	основном
709	31	1	основные
710	31	1	пенсии
711	31	1	повышение
712	31	1	помимо
713	31	1	правила
714	31	1	правления
715	31	1	предприятия
716	31	1	продаже
717	31	1	пять
718	31	1	российском
719	31	1	санкт
720	31	1	слишком
721	31	1	спрос
722	31	1	ст
723	31	1	фактически
724	31	1	финансов
725	30	1	of
726	30	1	ареста
727	30	1	асв
728	30	1	бывший
729	30	1	властей
730	30	1	войны
731	30	1	вполне
732	30	1	всей
733	30	1	голосов
734	30	1	деле
735	30	1	дней
736	30	1	доходов
737	30	1	евро
738	30	1	игоря
739	30	1	имущества
740	30	1	инфляция
741	30	1	крайне
742	30	1	кредитования
743	30	1	луганской
744	30	1	менеджер
745	30	1	министерства
746	30	1	нам
747	30	1	ндс
748	30	1	ней
749	30	1	одна
750	30	1	первых
751	30	1	планируется
752	30	1	пользу
753	30	1	пост
754	30	1	рассказали
755	30	1	роль
756	30	1	ряд
757	30	1	себе
758	30	1	силы
759	30	1	служба
760	30	1	смогут
761	30	1	составит
762	30	1	стала
763	30	1	стоимости
764	30	1	суммы
765	30	1	уверен
766	30	1	украинского
767	30	1	участия
768	30	1	участники
769	30	1	финансовой
770	30	1	х
771	29	1	автомобилей
772	29	1	алроса
773	29	1	банковской
774	29	1	депутата
775	29	1	донецкой
776	29	1	дополнительные
777	29	1	запрет
778	29	1	имеют
779	29	1	курс
780	29	1	лицензии
781	29	1	мог
782	29	1	московского
783	29	1	накануне
784	29	1	нем
785	29	1	означает
786	29	1	октября
787	29	1	органов
788	29	1	органы
789	29	1	палаты
790	29	1	партнер
791	29	1	первое
792	29	1	переговоров
793	29	1	поводу
794	29	1	позиции
795	29	1	политических
796	29	1	предоставить
797	29	1	приведет
798	29	1	привести
799	29	1	республик
800	29	1	решений
801	29	1	санкциями
802	29	1	сокращение
803	29	1	состав
804	29	1	станет
805	28	1	активно
806	28	1	вкладов
807	28	1	вообще
808	28	1	впервые
809	28	1	гендиректор
810	28	1	границы
811	28	1	европе
812	28	1	заемщиков
813	28	1	законопроекта
814	28	1	зампред
815	28	1	идея
816	28	1	компанию
817	28	1	мае
818	28	1	марте
819	28	1	медведева
820	28	1	найти
821	28	1	накопительной
822	28	1	налог
823	28	1	национального
824	28	1	отчетности
825	28	1	первой
826	28	1	полномочий
827	28	1	полугодии
828	28	1	получили
829	28	1	принадлежит
830	28	1	раньше
831	28	1	режима
832	28	1	российская
833	28	1	рубль
834	28	1	секретарь
835	28	1	следствия
836	28	1	сообщении
837	28	1	сотрудников
838	28	1	сп
839	28	1	фас
840	28	1	финансового
841	28	1	фнб
842	28	1	форуме
843	28	1	четыре
844	28	1	экспорт
845	27	1	ru
846	27	1	апреле
847	27	1	ведомства
848	27	1	ведомство
849	27	1	вокруг
850	27	1	выросли
851	27	1	госдуму
852	27	1	западных
853	27	1	затем
854	27	1	института
855	27	1	какой
856	27	1	касается
857	27	1	китая
858	27	1	месяц
859	27	1	митрофанова
860	27	1	мосгордумы
861	27	1	недели
862	27	1	нельзя
863	27	1	необходимости
864	27	1	ничего
865	27	1	обсуждения
866	27	1	объема
867	27	1	объяснил
868	27	1	организаций
869	27	1	ответил
870	27	1	пенсионных
871	27	1	планирует
872	27	1	позицию
873	27	1	политику
874	27	1	привлечения
875	27	1	регионы
876	27	1	решить
877	27	1	сами
878	27	1	снг
879	27	1	сроки
880	27	1	ссылкой
881	27	1	сфере
882	27	1	уголовное
883	27	1	ук
884	26	1	апреля
885	26	1	башкирии
886	26	1	ближайшее
887	26	1	валютные
888	26	1	втором
889	26	1	вшэ
890	26	1	годовых
891	26	1	действий
892	26	1	делу
893	26	1	единая
894	26	1	инфраструктуры
895	26	1	мер
896	26	1	место
897	26	1	месяца
898	26	1	момента
899	26	1	нагрузки
900	26	1	национальной
901	26	1	округе
902	26	1	плана
903	26	1	политической
904	26	1	получил
905	26	1	помощь
906	26	1	превышает
907	26	1	принять
908	26	1	проводить
909	26	1	промышленности
910	26	1	результат
911	26	1	рисков
912	26	1	соответственно
913	26	1	требования
914	26	1	участвовать
915	26	1	учетом
916	26	1	хотят
917	25	1	cls
918	25	1	администрации
919	25	1	аналитики
920	25	1	банками
921	25	1	банках
922	25	1	банку
923	25	1	бкс
924	25	1	весь
925	25	1	вместо
926	25	1	гораздо
927	25	1	десять
928	25	1	замминистра
929	25	1	знакомый
930	25	1	кампании
931	25	1	кремля
932	25	1	крупнейших
933	25	1	курса
934	25	1	леонид
935	25	1	медведев
936	25	1	мире
937	25	1	одним
938	25	1	отрасли
939	25	1	плюс
940	25	1	полномочия
941	25	1	поясняет
942	25	1	принято
943	25	1	проблем
944	25	1	проблема
945	25	1	проекте
946	25	1	процесс
947	25	1	резко
948	25	1	россиян
949	25	1	следствие
950	25	1	сложности
951	25	1	событий
952	25	1	статусе
953	25	1	той
954	25	1	украиной
955	25	1	условий
956	25	1	характер
957	25	1	членов
958	25	1	шесть
959	25	1	являются
960	24	1	антон
961	24	1	ассоциации
962	24	1	бюджете
963	24	1	валютных
964	24	1	вести
965	24	1	вот
966	24	1	высокой
967	24	1	департамента
968	24	1	доступ
969	24	1	имущество
970	24	1	интерфакс
971	24	1	км
972	24	1	концу
973	24	1	лдпр
974	24	1	линии
975	24	1	менять
976	24	1	никаких
977	24	1	ними
978	24	1	новости
979	24	1	оборудования
980	24	1	обсе
981	24	1	общества
982	24	1	особенно
983	24	1	политические
984	24	1	последний
985	24	1	причем
986	24	1	пришлось
987	24	1	рассказывает
988	24	1	рассуждает
989	24	1	регионе
990	24	1	риск
991	24	1	рынках
992	24	1	рынков
993	24	1	своим
994	24	1	связанные
995	24	1	сделку
996	24	1	сектора
997	24	1	сколько
998	24	1	сторон
999	24	1	суде
1000	24	1	торговли
1001	24	1	факт
1002	24	1	финансовые
1003	24	1	ходорковский
1004	24	1	чуть
1005	23	1	bloomberg
1006	23	1	fesco
1007	23	1	rusal
1008	23	1	uc
1009	23	1	баррель
1010	23	1	бизнесмена
1011	23	1	быстро
1012	23	1	валюту
1013	23	1	влияние
1014	23	1	внешних
1015	23	1	всем
1016	23	1	делать
1017	23	1	депутаты
1018	23	1	дивиденды
1019	23	1	договорились
1020	23	1	другими
1021	23	1	импорт
1022	23	1	кандидаты
1023	23	1	количество
1024	23	1	константин
1025	23	1	летом
1026	23	1	лидер
1027	23	1	меня
1028	23	1	месторождений
1029	23	1	наблюдателей
1030	23	1	необходимость
1031	23	1	никто
1032	23	1	новой
1033	23	1	общий
1034	23	1	организация
1035	23	1	осаго
1036	23	1	основного
1037	23	1	отсутствие
1038	23	1	пакета
1039	23	1	порядка
1040	23	1	поставку
1041	23	1	прав
1042	23	1	прежнему
1043	23	1	привлечь
1044	23	1	ресурсов
1045	23	1	роснано
1046	23	1	саммите
1047	23	1	самого
1048	23	1	сил
1049	23	1	службе
1050	23	1	собой
1051	23	1	создания
1052	23	1	статуса
1053	23	1	форума
1054	23	1	чего
1055	23	1	шос
1056	23	1	экономика
1057	23	1	экономике
1058	23	1	юкоса
1059	22	1	алексея
1060	22	1	бумаги
1061	22	1	ввести
1062	22	1	версии
1063	22	1	весной
1064	22	1	губернатора
1065	22	1	две
1066	22	1	должности
1067	22	1	домашний
1068	22	1	журналистам
1069	22	1	залог
1070	22	1	заседание
1071	22	1	защиты
1072	22	1	инвесторы
1073	22	1	исходя
1074	22	1	компанией
1075	22	1	конец
1076	22	1	контроля
1077	22	1	легализации
1078	22	1	машин
1079	22	1	минэнерго
1080	22	1	настоящее
1081	22	1	невозможно
1082	22	1	нпф
1083	22	1	объявил
1084	22	1	одном
1085	22	1	оказался
1086	22	1	операций
1087	22	1	оск
1088	22	1	отказаться
1089	22	1	первые
1090	22	1	позиция
1091	22	1	помощи
1092	22	1	поправки
1093	22	1	потом
1094	22	1	почему
1095	22	1	правда
1096	22	1	предлагается
1097	22	1	предпринимателей
1098	22	1	провести
1099	22	1	продукции
1100	22	1	регистрации
1101	22	1	реструктуризации
1102	22	1	самых
1103	22	1	связано
1104	22	1	соглашение
1105	22	1	спроса
1106	22	1	степени
1107	22	1	столько
1108	22	1	украинской
1109	22	1	хорошо
1110	22	1	цель
1111	22	1	человека
1112	22	1	числа
1113	22	1	шохин
1114	22	1	января
1115	21	1	авиакомпании
1116	21	1	большая
1117	21	1	влияния
1118	21	1	геополитической
1119	21	1	говорили
1120	21	1	группу
1121	21	1	документа
1122	21	1	должность
1123	21	1	доллар
1124	21	1	другим
1125	21	1	завод
1126	21	1	зюзина
1127	21	1	иметь
1128	21	1	кого
1129	21	1	лукойл
1130	21	1	механизм
1131	21	1	михаила
1132	21	1	можем
1133	21	1	начать
1134	21	1	нему
1135	21	1	нескольких
1136	21	1	новым
1137	21	1	обеспечить
1138	21	1	областей
1139	21	1	октябре
1140	21	1	особом
1141	21	1	отказались
1142	21	1	первую
1143	21	1	письмо
1144	21	1	политика
1145	21	1	политического
1146	21	1	половины
1147	21	1	приватизации
1148	21	1	программы
1149	21	1	расти
1150	21	1	рахимова
1151	21	1	риа
1152	21	1	российскими
1153	21	1	сама
1154	21	1	соглашения
1155	21	1	среднем
1156	21	1	такая
1157	21	1	татар
1158	21	1	финансово
1159	21	1	фоне
1160	21	1	эффект
1161	21	1	юрий
1162	20	1	акционерам
1163	20	1	вечером
1164	20	1	видимо
1165	20	1	внутри
1166	20	1	воскресенье
1167	20	1	впрочем
1168	20	1	дефицит
1169	20	1	дивидендов
1170	20	1	долгов
1171	20	1	европейских
1172	20	1	ей
1173	20	1	заявление
1174	20	1	заявлял
1175	20	1	значит
1176	20	1	итар
1177	20	1	й
1178	20	1	кандидата
1179	20	1	киев
1180	20	1	комментировать
1181	20	1	кризис
1182	20	1	лучше
1183	20	1	министерство
1184	20	1	многих
1185	20	1	направлении
1186	20	1	начали
1187	20	1	ндфл
1188	20	1	никогда
1189	20	1	новую
1190	20	1	нынешних
1191	20	1	облигаций
1192	20	1	обсуждение
1193	20	1	общая
1194	20	1	общего
1195	20	1	округ
1196	20	1	основным
1197	20	1	основных
1198	20	1	особый
1199	20	1	официальный
1200	20	1	партнеры
1201	20	1	первым
1202	20	1	перспективы
1203	20	1	петербурге
1204	20	1	показатель
1205	20	1	понятно
1206	20	1	последнее
1207	20	1	постановления
1208	20	1	права
1209	20	1	пресечения
1210	20	1	примеру
1211	20	1	принял
1212	20	1	продать
1213	20	1	пунктов
1214	20	1	работа
1215	20	1	работе
1216	20	1	рассмотрение
1217	20	1	рассчитывать
1218	20	1	российско
1219	20	1	российскую
1220	20	1	сбербанк
1221	20	1	сделок
1222	20	1	середине
1223	20	1	сложно
1224	20	1	см
1225	20	1	смогли
1226	20	1	составила
1227	20	1	составлял
1228	20	1	сторону
1229	20	1	страна
1230	20	1	тасс
1231	20	1	требует
1232	20	1	учитывая
1233	20	1	фондов
1234	20	1	цитата
1235	20	1	чиновников
1236	19	1	group
1237	19	1	альянса
1238	19	1	бизнесмен
1239	19	1	благодаря
1240	19	1	будем
1241	19	1	вводить
1242	19	1	власть
1243	19	1	вновь
1244	19	1	военных
1245	19	1	вторых
1246	19	1	голос
1247	19	1	города
1248	19	1	губернаторов
1249	19	1	да
1250	19	1	документе
1251	19	1	достаточности
1252	19	1	жизни
1253	19	1	жкх
1254	19	1	зависит
1255	19	1	заимствований
1256	19	1	законодательства
1257	19	1	заявила
1258	19	1	инфляцию
1259	19	1	исключает
1260	19	1	киева
1261	19	1	компенсации
1262	19	1	кредитных
1263	19	1	назвал
1264	19	1	нашей
1265	19	1	новороссии
1266	19	1	ограничений
1267	19	1	освоения
1268	19	1	ответ
1269	19	1	ответственности
1270	19	1	открытие
1271	19	1	пенсионной
1272	19	1	петербурга
1273	19	1	планы
1274	19	1	повышать
1275	19	1	позволяет
1276	19	1	получит
1277	19	1	портфель
1278	19	1	потребителей
1279	19	1	правило
1280	19	1	правительством
1281	19	1	представителей
1282	19	1	претензии
1283	19	1	проверки
1284	19	1	продолжает
1285	19	1	произошло
1286	19	1	путиным
1287	19	1	пытаются
1288	19	1	расчеты
1289	19	1	ренессанс
1290	19	1	розничных
1291	19	1	ряда
1292	19	1	саммита
1293	19	1	самой
1294	19	1	самолетов
1295	19	1	самопровозглашенных
1296	19	1	свободы
1297	19	1	сечин
1298	19	1	сих
1299	19	1	следственного
1300	19	1	совсем
1301	19	1	старший
1302	19	1	странах
1303	19	1	страхования
1304	19	1	субботу
1305	19	1	транснефти
1306	19	1	участием
1307	19	1	федерации
1308	19	1	ходорковского
1309	19	1	юго
1310	19	1	юрист
1311	18	1	акцию
1312	18	1	американских
1313	18	1	базе
1314	18	1	бюро
1315	18	1	вагонов
1316	18	1	важно
1317	18	1	валерий
1318	18	1	вернуть
1319	18	1	внимание
1320	18	1	всю
1321	18	1	выплаты
1322	18	1	высокий
1323	18	1	газета
1324	18	1	гражданской
1325	18	1	дальше
1326	18	1	данных
1327	18	1	действие
1328	18	1	доходы
1329	18	1	евгений
1330	18	1	евросоюза
1331	18	1	зависимости
1332	18	1	задача
1333	18	1	запада
1334	18	1	зарубежных
1335	18	1	знает
1336	18	1	изменений
1337	18	1	импорта
1338	18	1	истории
1339	18	1	исэпи
1340	18	1	кредиторов
1341	18	1	кредиторы
1342	18	1	мере
1343	18	1	мне
1344	18	1	налоговых
1345	18	1	напоминает
1346	18	1	насколько
1347	18	1	находятся
1348	18	1	наших
1349	18	1	нефтяных
1350	18	1	новое
1351	18	1	округах
1352	18	1	онф
1353	18	1	основная
1354	18	1	отделения
1355	18	1	относительно
1356	18	1	отношениях
1357	18	1	оценивает
1358	18	1	пенсионного
1359	18	1	платить
1360	18	1	поддерживает
1361	18	1	подтверждает
1362	18	1	полугодие
1363	18	1	понять
1364	18	1	последствия
1365	18	1	потери
1366	18	1	предправления
1367	18	1	прекращении
1368	18	1	принят
1369	18	1	процесса
1370	18	1	развитию
1371	18	1	расследования
1372	18	1	рассчитывает
1373	18	1	режим
1374	18	1	резервов
1375	18	1	рейтинг
1376	18	1	решено
1377	18	1	решил
1378	18	1	самый
1379	18	1	сергея
1380	18	1	силуанов
1381	18	1	скр
1382	18	1	собирается
1383	18	1	составить
1384	18	1	сочи
1385	18	1	спикер
1386	18	1	ставка
1387	18	1	структуры
1388	18	1	такую
1389	18	1	тарифы
1390	18	1	уточняет
1391	18	1	федеральный
1392	18	1	формально
1393	18	1	центр
1394	17	1	авторов
1395	17	1	адвокат
1396	17	1	андреев
1397	17	1	андрея
1398	17	1	арбитражный
1399	17	1	банком
1400	17	1	близких
1401	17	1	будущем
1402	17	1	бумаг
1403	17	1	бывшего
1404	17	1	варианты
1405	17	1	вклады
1406	17	1	включая
1407	17	1	владимиром
1408	17	1	вопроса
1409	17	1	вопросам
1410	17	1	востока
1411	17	1	выглядит
1412	17	1	вырос
1413	17	1	выросла
1414	17	1	газпромбанка
1415	17	1	гражданского
1416	17	1	дать
1417	17	1	движения
1418	17	1	добиться
1419	17	1	договоренности
1420	17	1	долларах
1421	17	1	донбассе
1422	17	1	дополнительно
1423	17	1	дополнительных
1424	17	1	доход
1425	17	1	думаю
1426	17	1	европы
1427	17	1	единороссов
1428	17	1	ждать
1429	17	1	закону
1430	17	1	информация
1431	17	1	иска
1432	17	1	июня
1433	17	1	каждый
1434	17	1	коломойского
1435	17	1	комплекса
1436	17	1	кредитной
1437	17	1	левин
1438	17	1	лидеров
1439	17	1	ликвидности
1440	17	1	мало
1441	17	1	международного
1442	17	1	мнения
1443	17	1	могла
1444	17	1	налоговые
1445	17	1	напрямую
1446	17	1	нарушения
1447	17	1	начальник
1448	17	1	независимости
1449	17	1	николай
1450	17	1	ннк
1451	17	1	новая
1452	17	1	норникеля
1453	17	1	ноябре
1454	17	1	ноября
1455	17	1	обязательств
1456	17	1	одно
1457	17	1	ослабление
1458	17	1	отдельных
1459	17	1	парламента
1460	17	1	партий
1461	17	1	половине
1462	17	1	положение
1463	17	1	постепенно
1464	17	1	правилам
1465	17	1	правительству
1466	17	1	прекращение
1467	17	1	проведение
1468	17	1	проведения
1469	17	1	происходит
1470	17	1	равно
1471	17	1	районов
1472	17	1	растет
1473	17	1	реформы
1474	17	1	риска
1475	17	1	российское
1476	17	1	рубежом
1477	17	1	рублях
1478	17	1	сборов
1479	17	1	сентябре
1480	17	1	следующем
1481	17	1	слова
1482	17	1	события
1483	17	1	соглашается
1484	17	1	создании
1485	17	1	соответствии
1486	17	1	составили
1487	17	1	срока
1488	17	1	страховой
1489	17	1	сценарию
1490	17	1	считать
1491	17	1	тарифов
1492	17	1	темпы
1493	17	1	техники
1494	17	1	улюкаев
1495	17	1	ущерба
1496	17	1	хочет
1497	17	1	цели
1498	17	1	целью
1499	17	1	экономических
1500	16	1	capital
1501	16	1	rcb
1502	16	1	абэ
1503	16	1	ближайшие
1504	16	1	блоке
1505	16	1	большим
1506	16	1	борьбе
1507	16	1	вадим
1508	16	1	вероятно
1509	16	1	взаимодействия
1510	16	1	вопросов
1511	16	1	восемь
1512	16	1	входят
1513	16	1	выручка
1514	16	1	генеральный
1515	16	1	государственной
1516	16	1	групп
1517	16	1	губернатор
1518	16	1	д
1519	16	1	давно
1520	16	1	деловой
1521	16	1	директора
1522	16	1	добычи
1523	16	1	довольно
1524	16	1	докладе
1525	16	1	другого
1526	16	1	европейские
1527	16	1	евтушенкову
1528	16	1	заседания
1529	16	1	значительно
1530	16	1	ирана
1531	16	1	источников
1532	16	1	каких
1533	16	1	коррупции
1534	16	1	которому
1535	16	1	кредита
1536	16	1	кредитный
1537	16	1	леонида
1538	16	1	мандатов
1539	16	1	марта
1540	16	1	международных
1541	16	1	мера
1542	16	1	мероприятия
1543	16	1	москву
1544	16	1	налоги
1545	16	1	наши
1546	16	1	никакого
1547	16	1	новом
1548	16	1	нпз
1549	16	1	оао
1550	16	1	обращения
1551	16	1	объемов
1552	16	1	ограничение
1553	16	1	одному
1554	16	1	оказаться
1555	16	1	окончательно
1556	16	1	особого
1557	16	1	оставшиеся
1558	16	1	ответственность
1559	16	1	отказ
1560	16	1	отмечают
1561	16	1	оттока
1562	16	1	парламент
1563	16	1	перспективе
1564	16	1	пишет
1565	16	1	платежей
1566	16	1	поддержке
1567	16	1	покупке
1568	16	1	предложений
1569	16	1	предложил
1570	16	1	предполагается
1571	16	1	принятия
1572	16	1	просьбой
1573	16	1	пункта
1574	16	1	путину
1575	16	1	ра
1576	16	1	работают
1577	16	1	районе
1578	16	1	расчетов
1579	16	1	руководители
1580	16	1	сказали
1581	16	1	собеседников
1582	16	1	совещания
1583	16	1	составе
1584	16	1	сотрудничества
1585	16	1	сохранение
1586	16	1	сохранить
1587	16	1	становится
1588	16	1	страховых
1589	16	1	счетов
1590	16	1	технологии
1591	16	1	тихомиров
1592	16	1	топлива
1593	16	1	требований
1594	16	1	трудно
1595	16	1	убытки
1596	16	1	убыток
1597	16	1	увеличения
1598	16	1	участков
1599	16	1	федеральной
1600	16	1	фонды
1601	16	1	частные
1602	16	1	часто
1603	16	1	экономику
1604	16	1	явка
1605	15	1	cyprus
1606	15	1	scb
1607	15	1	актив
1608	15	1	акциями
1609	15	1	александра
1610	15	1	банкиры
1611	15	1	благосостояния
1612	15	1	большую
1613	15	1	валютой
1614	15	1	виктор
1615	15	1	владеет
1616	15	1	властям
1617	15	1	властями
1618	15	1	военные
1619	15	1	второго
1620	15	1	входит
1621	15	1	выплат
1622	15	1	вэба
1623	15	1	группе
1624	15	1	дает
1625	15	1	данный
1626	15	1	декабря
1627	15	1	деньгами
1628	15	1	доллара
1629	15	1	домашнего
1630	15	1	доступа
1631	15	1	единороссы
1632	15	1	задолженность
1633	15	1	законом
1634	15	1	западные
1635	15	1	западом
1636	15	1	заплатить
1637	15	1	запрещено
1638	15	1	избирательных
1639	15	1	интерес
1640	15	1	информационной
1641	15	1	использование
1642	15	1	контракта
1643	15	1	контрольный
1644	15	1	крае
1645	15	1	кремле
1646	15	1	крымских
1647	15	1	кузьмин
1648	15	1	любой
1649	15	1	марш
1650	15	1	международной
1651	15	1	мнение
1652	15	1	многом
1653	15	1	моя
1654	15	1	наблюдатели
1655	15	1	накоплений
1656	15	1	направления
1657	15	1	напротив
1658	15	1	никак
1659	15	1	нужна
1660	15	1	нынешней
1661	15	1	оба
1662	15	1	облигации
1663	15	1	обращение
1664	15	1	обсуждали
1665	15	1	объеме
1666	15	1	объясняют
1667	15	1	одновременно
1668	15	1	ожидать
1669	15	1	останется
1670	15	1	оценке
1671	15	1	очевидно
1672	15	1	пассажиров
1673	15	1	первая
1674	15	1	поддерживать
1675	15	1	подчеркнул
1676	15	1	полгода
1677	15	1	политическая
1678	15	1	помощью
1679	15	1	поставить
1680	15	1	появилась
1681	15	1	прекращения
1682	15	1	приводит
1683	15	1	программа
1684	15	1	просит
1685	15	1	прошлый
1686	15	1	разделе
1687	15	1	рассматривать
1688	15	1	регулятор
1689	15	1	резервы
1690	15	1	рынки
1691	15	1	сигнал
1692	15	1	сказано
1693	15	1	следователь
1694	15	1	снизить
1695	15	1	собственности
1696	15	1	собственных
1697	15	1	соответствует
1698	15	1	сотрудничество
1699	15	1	статьи
1700	15	1	стороной
1701	15	1	стратегии
1702	15	1	считается
1703	15	1	управляющий
1704	15	1	уралсиб
1705	15	1	услуги
1706	15	1	участках
1707	15	1	ущерб
1708	15	1	феврале
1709	15	1	финансовый
1710	15	1	центрального
1711	15	1	частично
1712	15	1	члены
1713	15	1	шаг
1714	14	1	ebitda
1715	14	1	mastercard
1716	14	1	morgan
1717	14	1	reuters
1718	14	1	visa
1719	14	1	банкир
1720	14	1	бизнесу
1721	14	1	блока
1722	14	1	бороться
1723	14	1	бюджетное
1724	14	1	бюджетных
1725	14	1	ведь
1726	14	1	вероятность
1727	14	1	владельца
1728	14	1	выбор
1729	14	1	выборам
1730	14	1	выйти
1731	14	1	выступает
1732	14	1	генпрокуратура
1733	14	1	госбанков
1734	14	1	госдуме
1735	14	1	губернаторы
1736	14	1	дальнейшем
1737	14	1	десяти
1738	14	1	дефицита
1739	14	1	дискуссии
1740	14	1	допэмиссии
1741	14	1	дороги
1742	14	1	досрочно
1743	14	1	другом
1744	14	1	задолженности
1745	14	1	занимать
1746	14	1	зарплаты
1747	14	1	заявили
1748	14	1	зоны
1749	14	1	идти
1750	14	1	издержки
1751	14	1	использования
1752	14	1	история
1753	14	1	качество
1754	14	1	китаем
1755	14	1	клиентами
1756	14	1	клиенты
1757	14	1	коммунисты
1758	14	1	конкретных
1759	14	1	крупный
1760	14	1	лица
1761	14	1	максим
1762	14	1	могло
1763	14	1	назначен
1764	14	1	накопительного
1765	14	1	налогового
1766	14	1	наталья
1767	14	1	негативный
1768	14	1	недостаточно
1769	14	1	неоднократно
1770	14	1	нефтесервисных
1771	14	1	новатэк
1772	14	1	омк
1773	14	1	ополченцев
1774	14	1	отличие
1775	14	1	официально
1776	14	1	парка
1777	14	1	партнера
1778	14	1	пгк
1779	14	1	пенсионные
1780	14	1	петр
1781	14	1	письме
1782	14	1	поддерживают
1783	14	1	позиций
1784	14	1	политическим
1785	14	1	получать
1786	14	1	поправок
1787	14	1	попытки
1788	14	1	последних
1789	14	1	постоянно
1790	14	1	потенциал
1791	14	1	появились
1792	14	1	предусматривает
1793	14	1	президенту
1794	14	1	проблему
1795	14	1	проведении
1796	14	1	прогнозу
1797	14	1	прогресса
1798	14	1	производство
1799	14	1	пути
1800	14	1	путь
1801	14	1	пфр
1802	14	1	размещения
1803	14	1	рассмотреть
1804	14	1	расширение
1805	14	1	рефинансирования
1806	14	1	решать
1807	14	1	руководителя
1808	14	1	рфпи
1809	14	1	самом
1810	14	1	сборы
1811	14	1	сведений
1812	14	1	середины
1813	14	1	серьезно
1814	14	1	сибири
1815	14	1	сильно
1816	14	1	смог
1817	14	1	собственные
1818	14	1	создает
1819	14	1	сокращения
1820	14	1	сообщений
1821	14	1	сообщило
1822	14	1	состоянию
1823	14	1	союза
1824	14	1	способствовать
1825	14	1	сроков
1826	14	1	стратегия
1827	14	1	судов
1828	14	1	сценария
1829	14	1	текущей
1830	14	1	тимченко
1831	14	1	указал
1832	14	1	урала
1833	14	1	ухудшения
1834	14	1	участки
1835	14	1	фондирования
1836	14	1	хкф
1837	14	1	ход
1838	14	1	центре
1839	14	1	цену
1840	14	1	цкад
1841	14	1	ч
1842	14	1	четырех
1843	14	1	чистый
1844	14	1	шести
1845	14	1	эсэров
1846	14	1	эффективности
1847	13	1	evraz
1848	13	1	moody
1849	13	1	schlumberger
1850	13	1	авиакомпания
1851	13	1	акционер
1852	13	1	альянс
1853	13	1	американской
1854	13	1	ассоциация
1855	13	1	аэрофлота
1856	13	1	василия
1857	13	1	ведет
1858	13	1	ведомости
1859	13	1	вернуться
1860	13	1	весьма
1861	13	1	виктора
1862	13	1	военного
1863	13	1	военной
1864	13	1	возможностей
1865	13	1	войск
1866	13	1	вопросу
1867	13	1	восточной
1868	13	1	выплатить
1869	13	1	говорилось
1870	13	1	голосование
1871	13	1	государственного
1872	13	1	давление
1873	13	1	дворковича
1874	13	1	де
1875	13	1	делам
1876	13	1	динамика
1877	13	1	договоров
1878	13	1	елена
1879	13	1	жалобы
1880	13	1	жителей
1881	13	1	зависимость
1882	13	1	задач
1883	13	1	зоне
1884	13	1	идут
1885	13	1	изменить
1886	13	1	инвестиционной
1887	13	1	инициативы
1888	13	1	иной
1889	13	1	интересов
1890	13	1	искать
1891	13	1	каким
1892	13	1	качества
1893	13	1	кирилл
1894	13	1	коломойский
1895	13	1	копия
1896	13	1	костин
1897	13	1	лукойла
1898	13	1	максимально
1899	13	1	малофеева
1900	13	1	машины
1901	13	1	международные
1902	13	1	минимум
1903	13	1	мир
1904	13	1	митрофанов
1905	13	1	московский
1906	13	1	мэрии
1907	13	1	налоговая
1908	13	1	наоборот
1909	13	1	направить
1910	13	1	непосредственно
1911	13	1	норматив
1912	13	1	обеспечения
1913	13	1	обмен
1914	13	1	обмена
1915	13	1	обороны
1916	13	1	образования
1917	13	1	обслуживание
1918	13	1	объединения
1919	13	1	обычно
1920	13	1	одну
1921	13	1	ольга
1922	13	1	оппозиция
1923	13	1	опрошенные
1924	13	1	освобождении
1925	13	1	осталось
1926	13	1	остальных
1927	13	1	ответили
1928	13	1	открытая
1929	13	1	отношение
1930	13	1	офисе
1931	13	1	партнеров
1932	13	1	планировалось
1933	13	1	платежи
1934	13	1	поднять
1935	13	1	пойдет
1936	13	1	показатели
1937	13	1	покупку
1938	13	1	полтора
1939	13	1	полугодия
1940	13	1	помощник
1941	13	1	постоянной
1942	13	1	привлекать
1943	13	1	признает
1944	13	1	принятие
1945	13	1	причиной
1946	13	1	причины
1947	13	1	пришли
1948	13	1	продавать
1949	13	1	процессе
1950	13	1	пяти
1951	13	1	работников
1952	13	1	разных
1953	13	1	районах
1954	13	1	рассказывал
1955	13	1	расширения
1956	13	1	регионального
1957	13	1	регулятора
1958	13	1	режиме
1959	13	1	ресурсы
1960	13	1	решению
1961	13	1	росте
1962	13	1	ру
1963	13	1	самопровозглашенной
1964	13	1	санкционный
1965	13	1	свыше
1966	13	1	сказать
1967	13	1	следствием
1968	13	1	случаях
1969	13	1	сначала
1970	13	1	сожалению
1971	13	1	созыва
1972	13	1	сообщает
1973	13	1	состава
1974	13	1	состояние
1975	13	1	спикера
1976	13	1	сроком
1977	13	1	ставке
1978	13	1	стимулировать
1979	13	1	странами
1980	13	1	сути
1981	13	1	текущего
1982	13	1	текущем
1983	13	1	тема
1984	13	1	территорий
1985	13	1	ту
1986	13	1	украинские
1987	13	1	уплаты
1988	13	1	урегулирования
1989	13	1	финансовом
1990	13	1	фнс
1991	13	1	холдинга
1992	13	1	хотели
1993	13	1	чьи
1994	13	1	экономисты
1995	13	1	экономические
1996	13	1	экономический
1997	12	1	b
1998	12	1	stanley
1999	12	1	агитации
2000	12	1	активности
2001	12	1	акционера
2002	12	1	акционеры
2003	12	1	акция
2004	12	1	армии
2005	12	1	близкие
2006	12	1	блок
2007	12	1	большое
2008	12	1	борьбы
2009	12	1	быстрого
2010	12	1	бюджетов
2011	12	1	валютной
2012	12	1	вдвое
2013	12	1	великого
2014	12	1	владелец
2015	12	1	внутреннего
2016	12	1	внутренних
2017	12	1	вызывает
2018	12	1	выражении
2019	12	1	вэб
2020	12	1	говоря
2021	12	1	годом
2022	12	1	госкомпании
2023	12	1	государственных
2024	12	1	границу
2025	12	1	дальнего
2026	12	1	документов
2027	12	1	документы
2028	12	1	долларов
2029	12	1	досрочного
2030	12	1	другая
2031	12	1	е
2032	12	1	единственный
2033	12	1	единственным
2034	12	1	желание
2035	12	1	законодательству
2036	12	1	занимает
2037	12	1	зао
2038	12	1	запрета
2039	12	1	зарплат
2040	12	1	затрат
2041	12	1	затраты
2042	12	1	защиту
2043	12	1	идеи
2044	12	1	избежать
2045	12	1	изменение
2046	12	1	изначально
2047	12	1	иначе
2048	12	1	инвесторам
2049	12	1	индексация
2050	12	1	инструмент
2051	12	1	интересы
2052	12	1	интерфаксу
2053	12	1	ирина
2054	12	1	исследований
2055	12	1	итоги
2056	12	1	каком
2057	12	1	ключевой
2058	12	1	ключевых
2059	12	1	комментирует
2060	12	1	кредиторами
2061	12	1	кремль
2062	12	1	крупнейшие
2063	12	1	крупным
2064	12	1	куда
2065	12	1	лицензий
2066	12	1	лондоне
2067	12	1	любом
2068	12	1	малофеев
2069	12	1	международный
2070	12	1	международным
2071	12	1	местных
2072	12	1	минприроды
2073	12	1	мнением
2074	12	1	мосгордуму
2075	12	1	назначения
2076	12	1	налоговый
2077	12	1	налогу
2078	12	1	народных
2079	12	1	наступления
2080	12	1	начал
2081	12	1	наш
2082	12	1	непонятно
2083	12	1	нибудь
2084	12	1	ныне
2085	12	1	нынешнего
2086	12	1	обвинение
2087	12	1	областях
2088	12	1	обратиться
2089	12	1	обсуждалась
2090	12	1	объемах
2091	12	1	объяснял
2092	12	1	округа
2093	12	1	операторов
2094	12	1	остался
2095	12	1	ответа
2096	12	1	отлк
2097	12	1	отток
2098	12	1	отчете
2099	12	1	офз
2100	12	1	оценка
2101	12	1	оценку
2102	12	1	падения
2103	12	1	параметры
2104	12	1	передает
2105	12	1	передачи
2106	12	1	перемирие
2107	12	1	переход
2108	12	1	петра
2109	12	1	победу
2110	12	1	поводом
2111	12	1	подготовить
2112	12	1	подготовки
2113	12	1	поддержали
2114	12	1	поддержать
2115	12	1	поддержка
2116	12	1	показывает
2117	12	1	покупать
2118	12	1	полагают
2119	12	1	посткрымская
2120	12	1	поток
2121	12	1	потребительских
2122	12	1	потребительского
2123	12	1	потребуется
2124	12	1	предположить
2125	12	1	предпринимателя
2126	12	1	прийти
2127	12	1	принятый
2128	12	1	прироста
2129	12	1	прогноза
2130	12	1	прогнозирует
2131	12	1	проголосовали
2132	12	1	продолжать
2133	12	1	процентов
2134	12	1	прошли
2135	12	1	пункт
2136	12	1	пытается
2137	12	1	работал
2138	12	1	рассказывали
2139	12	1	рос
2140	12	1	ростом
2141	12	1	русского
2142	12	1	самое
2143	12	1	самым
2144	12	1	сахалин
2145	12	1	своими
2146	12	1	связанных
2147	12	1	связаны
2148	12	1	северсталь
2149	12	1	семь
2150	12	1	сказала
2151	12	1	следственный
2152	12	1	следствию
2153	12	1	следующий
2154	12	1	случай
2155	12	1	смысле
2156	12	1	советник
2157	12	1	совпадать
2158	12	1	согласен
2159	12	1	согласовать
2160	12	1	сократить
2161	12	1	сообщал
2162	12	1	сообщения
2163	12	1	сопредседатель
2164	12	1	столь
2165	12	1	сторонников
2166	12	1	страну
2167	12	1	структур
2168	12	1	судебные
2169	12	1	таки
2170	12	1	таком
2171	12	1	территорию
2172	12	1	товары
2173	12	1	точно
2174	12	1	третий
2175	12	1	труб
2176	12	1	труда
2177	12	1	угрозу
2178	12	1	удастся
2179	12	1	управление
2180	12	1	условии
2181	12	1	установить
2182	12	1	участник
2183	12	1	учения
2184	12	1	факту
2185	12	1	фракций
2186	12	1	фракция
2187	12	1	хотел
2188	12	1	хуже
2189	12	1	цик
2190	12	1	часов
2191	12	1	шансы
2192	12	1	шельфе
2193	12	1	школы
2194	12	1	экономическим
2195	12	1	экономическом
2196	12	1	электроэнергии
2197	12	1	эмбарго
2198	12	1	этапе
2199	12	1	яблока
2200	12	1	январе
2201	12	1	яценюк
2202	11	1	fitch
2203	11	1	forbes
2204	11	1	lucchini
2205	11	1	standard
2206	11	1	авиакомпаний
2207	11	1	администрация
2208	11	1	адрес
2209	11	1	азии
2210	11	1	акционером
2211	11	1	американским
2212	11	1	анализа
2213	11	1	аналогичный
2214	11	1	базовый
2215	11	1	базы
2216	11	1	бизнесом
2217	11	1	большие
2218	11	1	борис
2219	11	1	бюджетного
2220	11	1	варианта
2221	11	1	вариантов
2222	11	1	введении
2223	11	1	взгляд
2224	11	1	видим
2225	11	1	видит
2226	11	1	включения
2227	11	1	влиять
2228	11	1	внес
2229	11	1	внести
2230	11	1	внешние
2231	11	1	возможным
2232	11	1	времена
2233	11	1	врио
2234	11	1	встреча
2235	11	1	вывести
2236	11	1	вывод
2237	11	1	вынуждены
2238	11	1	газеты
2239	11	1	газового
2240	11	1	главного
2241	11	1	государству
2242	11	1	готова
2243	11	1	давления
2244	11	1	даст
2245	11	1	действовать
2246	11	1	декабре
2247	11	1	денежных
2248	11	1	дни
2249	11	1	договориться
2250	11	1	документу
2251	11	1	долги
2252	11	1	долгое
2253	11	1	европейского
2254	11	1	единоросс
2255	11	1	законы
2256	11	1	записке
2257	11	1	защите
2258	11	1	знают
2259	11	1	игроки
2260	11	1	идей
2261	11	1	идею
2262	11	1	избираться
2263	11	1	издержек
2264	11	1	инициатив
2265	11	1	иностранной
2266	11	1	иностранным
2267	11	1	институт
2268	11	1	канады
2269	11	1	квартала
2270	11	1	китайских
2271	11	1	кодекса
2272	11	1	комиссия
2273	11	1	компаниях
2274	11	1	компенсировать
2275	11	1	комплекс
2276	11	1	конвертировать
2277	11	1	конкурса
2278	11	1	констатирует
2279	11	1	конфискация
2280	11	1	конфликт
2281	11	1	кредиту
2282	11	1	крупнейшим
2283	11	1	мероприятие
2284	11	1	местного
2285	11	1	мин
2286	11	1	миру
2287	11	1	мкс
2288	11	1	модели
2289	11	1	мск
2290	11	1	мсфо
2291	11	1	надзора
2292	11	1	налогам
2293	11	1	намерен
2294	11	1	напряженности
2295	11	1	нарушение
2296	11	1	начнет
2297	11	1	начнется
2298	11	1	недвижимости
2299	11	1	новому
2300	11	1	обвинения
2301	11	1	образованию
2302	11	1	общественной
2303	11	1	обязанности
2304	11	1	обязательства
2305	11	1	ожидается
2306	11	1	окажется
2307	11	1	оказались
2308	11	1	оказалось
2309	11	1	олега
2310	11	1	омс
2311	11	1	опрошенных
2312	11	1	орлова
2313	11	1	оснований
2314	11	1	отделений
2315	11	1	отдельные
2316	11	1	открытой
2317	11	1	отчетность
2318	11	1	пересмотреть
2319	11	1	платформы
2320	11	1	повышении
2321	11	1	подготовке
2322	11	1	подписал
2323	11	1	пожалов
2324	11	1	позволяют
2325	11	1	покупки
2326	11	1	полном
2327	11	1	пользоваться
2328	11	1	попал
2329	11	1	порог
2330	11	1	портфеля
2331	11	1	порядке
2332	11	1	поста
2333	11	1	правоохранительных
2334	11	1	практике
2335	11	1	практики
2336	11	1	председателем
2337	11	1	представителя
2338	11	1	принимать
2339	11	1	прогнозы
2340	11	1	программе
2341	11	1	программу
2342	11	1	продуктов
2343	11	1	прокуратуры
2344	11	1	промышленность
2345	11	1	протяжении
2346	11	1	прохорова
2347	11	1	прямо
2348	11	1	рады
2349	11	1	разговоре
2350	11	1	растут
2351	11	1	региональные
2352	11	1	регионам
2353	11	1	регламенту
2354	11	1	регулирования
2355	11	1	редакции
2356	11	1	республике
2357	11	1	руководства
2358	11	1	руководством
2359	11	1	рыночной
2360	11	1	само
2361	11	1	самолеты
2362	11	1	самостоятельно
2363	11	1	сбор
2364	11	1	святителя
2365	11	1	семи
2366	11	1	семьи
2367	11	1	серьезные
2368	11	1	сечина
2369	11	1	системой
2370	11	1	снижением
2371	11	1	снизился
2372	11	1	собеседника
2373	11	1	собеседники
2374	11	1	социально
2375	11	1	социальных
2376	11	1	справедливой
2377	11	1	станут
2378	11	1	судом
2379	11	1	суды
2380	11	1	существует
2381	11	1	сценариев
2382	11	1	текущих
2383	11	1	точка
2384	11	1	требованиям
2385	11	1	третьей
2386	11	1	уверяет
2387	11	1	уголовные
2388	11	1	уголовных
2389	11	1	указано
2390	11	1	упали
2391	11	1	факторами
2392	11	1	фронта
2393	11	1	ценностей
2394	11	1	центробанка
2395	11	1	чаще
2396	11	1	штаб
2397	11	1	штаба
2398	11	1	штрафы
2399	11	1	экспобанк
2400	11	1	энергетики
2401	11	1	эффективность
2402	11	1	юридических
2403	11	1	якутии
2404	10	1	facebook
2405	10	1	ifc
2406	10	1	opic
2407	10	1	polymetal
2408	10	1	the
2409	10	1	адвокатов
2410	10	1	акционерами
2411	10	1	алтай
2412	10	1	андреева
2413	10	1	антитеррористической
2414	10	1	арестом
2415	10	1	баланс
2416	10	1	балтийского
2417	10	1	банкротства
2418	10	1	большей
2419	10	1	большинства
2420	10	1	большинстве
2421	10	1	борьба
2422	10	1	бюджетном
2423	10	1	валют
2424	10	1	валютного
2425	10	1	валютным
2426	10	1	великобритании
2427	10	1	взносов
2428	10	1	включение
2429	10	1	владислав
2430	10	1	влияет
2431	10	1	внутренней
2432	10	1	внутренние
2433	10	1	возглавлял
2434	10	1	возможных
2435	10	1	возраста
2436	10	1	вопреки
2437	10	1	восстановления
2438	10	1	встречу
2439	10	1	вступления
2440	10	1	выделить
2441	10	1	вынужден
2442	10	1	выполнять
2443	10	1	вырастет
2444	10	1	высоких
2445	10	1	выступал
2446	10	1	газпромбанк
2447	10	1	генпрокуратуры
2448	10	1	геополитическая
2449	10	1	главным
2450	10	1	голодец
2451	10	1	голоса
2452	10	1	городе
2453	10	1	государственные
2454	10	1	государством
2455	10	1	границей
2456	10	1	губернаторам
2457	10	1	губернаторских
2458	10	1	дальнейшего
2459	10	1	делает
2460	10	1	денежном
2461	10	1	депозитов
2462	10	1	депозиты
2463	10	1	доверия
2464	10	1	договор
2465	10	1	доказать
2466	10	1	долго
2467	10	1	донбасс
2468	10	1	донецка
2469	10	1	донецком
2470	10	1	достичь
2471	10	1	дочки
2472	10	1	европу
2473	10	1	железной
2474	10	1	зависеть
2475	10	1	замглавы
2476	10	1	замдиректора
2477	10	1	занимается
2478	10	1	занимал
2479	10	1	заниматься
2480	10	1	занять
2481	10	1	заявления
2482	10	1	значение
2483	10	1	значительная
2484	10	1	имел
2485	10	1	инвестиционного
2486	10	1	инициативу
2487	10	1	иностранного
2488	10	1	иностранные
2489	10	1	иностранными
2490	10	1	инструменты
2491	10	1	интервенций
2492	10	1	интересам
2493	10	1	иран
2494	10	1	исключения
2495	10	1	ищет
2496	10	1	кажется
2497	10	1	кампанию
2498	10	1	кгн
2499	10	1	киевом
2500	10	1	клиента
2501	10	1	кодекс
2502	10	1	комиссий
2503	10	1	конъюнктуры
2504	10	1	корпоративным
2505	10	1	корпоративных
2506	10	1	кредитного
2507	10	1	кредитование
2508	10	1	левина
2509	10	1	лидера
2510	10	1	лидеры
2511	10	1	лично
2512	10	1	лишился
2513	10	1	марша
2514	10	1	мая
2515	10	1	меморандум
2516	10	1	мероприятий
2517	10	1	мест
2518	10	1	минске
2519	10	1	минут
2520	10	1	монополии
2521	10	1	моря
2522	10	1	мрск
2523	10	1	муниципальных
2524	10	1	мэр
2525	10	1	наблюдается
2526	10	1	набор
2527	10	1	нагрузку
2528	10	1	назвать
2529	10	1	написал
2530	10	1	направлен
2531	10	1	наша
2532	10	1	ндпи
2533	10	1	небольшие
2534	10	1	негативно
2535	10	1	неделю
2536	10	1	носит
2537	10	1	обеспечение
2538	10	1	область
2539	10	1	обществе
2540	10	1	общественного
2541	10	1	общество
2542	10	1	ожидает
2543	10	1	оказывать
2544	10	1	ополченцам
2545	10	1	оппонентов
2546	10	1	опыт
2547	10	1	орлов
2548	10	1	орс
2549	10	1	осенью
2550	10	1	основан
2551	10	1	особо
2552	10	1	остаются
2553	10	1	отключения
2554	10	1	отмены
2555	10	1	оценкам
2556	10	1	очередной
2557	10	1	партнерства
2558	10	1	перевозок
2559	10	1	петербург
2560	10	1	поддержал
2561	10	1	подержанных
2562	10	1	позже
2563	10	1	пойдут
2564	10	1	показателей
2565	10	1	политическую
2566	10	1	положения
2567	10	1	получает
2568	10	1	пообещал
2569	10	1	потеряли
2570	10	1	правил
2571	10	1	правового
2572	10	1	праймериз
2573	10	1	предложено
2574	10	1	предоставления
2575	10	1	предприятие
2576	10	1	предстоит
2577	10	1	предупреждает
2578	10	1	преступным
2579	10	1	прибыли
2580	10	1	привел
2581	10	1	признать
2582	10	1	примут
2583	10	1	причин
2584	10	1	провел
2585	10	1	проверить
2586	10	1	продолжения
2587	10	1	продолжит
2588	10	1	пройдет
2589	10	1	процентный
2590	10	1	прямых
2591	10	1	публикации
2592	10	1	публикуются
2593	10	1	публично
2594	10	1	размещение
2595	10	1	района
2596	10	1	рашкин
2597	10	1	реакция
2598	10	1	рейтинги
2599	10	1	репо
2600	10	1	розничного
2601	10	1	романчук
2602	10	1	российскому
2603	10	1	рса
2604	10	1	рублей
2605	10	1	руководителей
2606	10	1	саммит
2607	10	1	связаться
2608	10	1	сделка
2609	10	1	секторе
2610	10	1	сети
2611	10	1	следователи
2612	10	1	слышал
2613	10	1	смогла
2614	10	1	смысла
2615	10	1	снижению
2616	10	1	совершенно
2617	10	1	совладелец
2618	10	1	создавать
2619	10	1	сократились
2620	10	1	сокращению
2621	10	1	сославшись
2622	10	1	составило
2623	10	1	составляют
2624	10	1	состояться
2625	10	1	сотни
2626	10	1	сотрудники
2627	10	1	сотрудничать
2628	10	1	сохранения
2629	10	1	списке
2630	10	1	средняя
2631	10	1	стадии
2632	10	1	судья
2633	10	1	сценарии
2634	10	1	толоконского
2635	10	1	традиционно
2636	10	1	транспорта
2637	10	1	требуют
2638	10	1	треть
2639	10	1	удар
2640	10	1	уровнем
2641	10	1	уставный
2642	10	1	ухудшение
2643	10	1	участка
2644	10	1	фактор
2645	10	1	физических
2646	10	1	финансовым
2647	10	1	функции
2648	10	1	хватает
2649	10	1	ходом
2650	10	1	цистерн
2651	10	1	чмк
2652	10	1	экспресс
2653	10	1	элит
2654	10	1	явно
2655	10	1	якунин
2656	10	1	ямал
2657	9	1	baker
2658	9	1	boeing
2659	9	1	cnpc
2660	9	1	hughes
2661	9	1	lynch
2662	9	1	merrill
2663	9	1	pgs
2664	9	1	steel
2665	9	1	активнее
2666	9	1	американские
2667	9	1	аналитического
2668	9	1	арсений
2669	9	1	аэро
2670	9	1	аэрофлот
2671	9	1	банкиров
2672	9	1	банковском
2673	9	1	белоусов
2674	9	1	беляков
2675	9	1	бизнесе
2676	9	1	биржи
2677	9	1	брифинге
2678	9	1	брянской
2679	9	1	бунин
2680	9	1	бурматов
2681	9	1	бюллетеней
2682	9	1	валютном
2683	9	1	вас
2684	9	1	ведения
2685	9	1	ведется
2686	9	1	вексельберга
2687	9	1	взнос
2688	9	1	взять
2689	9	1	видно
2690	9	1	вклад
2691	9	1	вкладам
2692	9	1	вкладчиков
2693	9	1	включает
2694	9	1	владельцев
2695	9	1	владельцем
2696	9	1	внесен
2697	9	1	возглавляет
2698	9	1	возможного
2699	9	1	возникает
2700	9	1	возникнуть
2701	9	1	война
2702	9	1	всеми
2703	9	1	вся
2704	9	1	выпуска
2705	9	1	высоким
2706	9	1	высшей
2707	9	1	выход
2708	9	1	вячеслав
2709	9	1	газопровода
2710	9	1	гальченко
2711	9	1	гарантии
2712	9	1	георгий
2713	9	1	главе
2714	9	1	главной
2715	9	1	главой
2716	9	1	го
2717	9	1	городской
2718	9	1	готовит
2719	9	1	готовности
2720	9	1	готовность
2721	9	1	гуманитарной
2722	9	1	давать
2723	9	1	дал
2724	9	1	дали
2725	9	1	дальнем
2726	9	1	действует
2727	9	1	денежно
2728	9	1	денина
2729	9	1	денис
2730	9	1	депозитам
2731	9	1	деятельностью
2732	9	1	днем
2733	9	1	добролета
2734	9	1	договариваться
2735	9	1	договора
2736	9	1	долгосрочного
2737	9	1	долгосрочные
2738	9	1	допустить
2739	9	1	досрочных
2740	9	1	другое
2741	9	1	европа
2742	9	1	евросоюз
2743	9	1	естественно
2744	9	1	жесткие
2745	9	1	завершить
2746	9	1	задуматься
2747	9	1	заемщики
2748	9	1	заимствования
2749	9	1	займа
2750	9	1	займы
2751	9	1	заключается
2752	9	1	заключении
2753	9	1	закрытие
2754	9	1	замечает
2755	9	1	западе
2756	9	1	западной
2757	9	1	заявлении
2758	9	1	здравоохранения
2759	9	1	значительной
2760	9	1	изменились
2761	9	1	инвестировать
2762	9	1	инвестиционный
2763	9	1	инвестора
2764	9	1	инвесторами
2765	9	1	интервенции
2766	9	1	информполитике
2767	9	1	исследованиям
2768	9	1	источником
2769	9	1	каждом
2770	9	1	какую
2771	9	1	кандидат
2772	9	1	капитализация
2773	9	1	китайской
2774	9	1	ко
2775	9	1	козин
2776	9	1	комитете
2777	9	1	коммерсантъ
2778	9	1	компаниями
2779	9	1	компонента
2780	9	1	конвертации
2781	9	1	консультаций
2782	9	1	конференции
2783	9	1	корпоративного
2784	9	1	корпорации
2785	9	1	крайней
2786	9	1	крупнейший
2787	9	1	крупного
2788	9	1	крымские
2789	9	1	лебедев
2790	9	1	летний
2791	9	1	лицензию
2792	9	1	лондона
2793	9	1	малого
2794	9	1	материалы
2795	9	1	меджлиса
2796	9	1	международном
2797	9	1	менеджеров
2798	9	1	менеджеры
2799	9	1	меру
2800	9	1	местах
2801	9	1	металлургического
2802	9	1	металлургической
2803	9	1	метро
2804	9	1	минфине
2805	9	1	минфину
2806	9	1	мирного
2807	9	1	мировой
2808	9	1	могу
2809	9	1	модернизации
2810	9	1	морского
2811	9	1	мосгордуме
2812	9	1	нагрузка
2813	9	1	назаров
2814	9	1	накопительную
2815	9	1	народной
2816	9	1	населенных
2817	9	1	недавно
2818	9	1	незаконной
2819	9	1	необходимых
2820	9	1	неопределенности
2821	9	1	нужны
2822	9	1	обойтись
2823	9	1	обсуждался
2824	9	1	объединенной
2825	9	1	обязательного
2826	9	1	ограничить
2827	9	1	оказалась
2828	9	1	оказать
2829	9	1	определенные
2830	9	1	организаторы
2831	9	1	ослабления
2832	9	1	основания
2833	9	1	остальные
2834	9	1	осуществлять
2835	9	1	отечественных
2836	9	1	отказалась
2837	9	1	отказывается
2838	9	1	отложить
2839	9	1	отмечал
2840	9	1	отраслей
2841	9	1	оттоку
2842	9	1	павел
2843	9	1	парламенте
2844	9	1	пгс
2845	9	1	пенсий
2846	9	1	пенсию
2847	9	1	перевести
2848	9	1	передал
2849	9	1	передать
2850	9	1	передаче
2851	9	1	передачу
2852	9	1	перечень
2853	9	1	периодом
2854	9	1	персонала
2855	9	1	письма
2856	9	1	пнд
2857	9	1	повысить
2858	9	1	повышению
2859	9	1	подешевели
2860	9	1	поднят
2861	9	1	подобные
2862	9	1	подсчетам
2863	9	1	показания
2864	9	1	полевой
2865	9	1	политический
2866	9	1	политическое
2867	9	1	полуострова
2868	9	1	получается
2869	9	1	получится
2870	9	1	польшу
2871	9	1	порядок
2872	9	1	последнего
2873	9	1	построить
2874	9	1	потенциальных
2875	9	1	пошли
2876	9	1	появится
2877	9	1	пределами
2878	9	1	предлагают
2879	9	1	предложили
2880	9	1	предмет
2881	9	1	предприниматели
2882	9	1	представителями
2883	9	1	прекратить
2884	9	1	признал
2885	9	1	принадлежат
2886	9	1	принципе
2887	9	1	приняли
2888	9	1	присоединения
2889	9	1	присутствие
2890	9	1	проверку
2891	9	1	прокуратура
2892	9	1	промышленной
2893	9	1	протокол
2894	9	1	процедуры
2895	9	1	процентных
2896	9	1	прошел
2897	9	1	прошла
2898	9	1	работ
2899	9	1	разве
2900	9	1	развиваться
2901	9	1	разговор
2902	9	1	размера
2903	9	1	разные
2904	9	1	распоряжение
2905	9	1	распространяется
2906	9	1	рассматривается
2907	9	1	расчета
2908	9	1	республика
2909	9	1	речи
2910	9	1	решением
2911	9	1	рода
2912	9	1	родины
2913	9	1	рубли
2914	9	1	руководстве
2915	9	1	рынку
2916	9	1	самим
2917	9	1	самые
2918	9	1	сбора
2919	9	1	связана
2920	9	1	сделал
2921	9	1	сектор
2922	9	1	семей
2923	9	1	серьезных
2924	9	1	сибирь
2925	9	1	систем
2926	9	1	ск
2927	9	1	скажется
2928	9	1	следователя
2929	9	1	смысл
2930	9	1	снизилась
2931	9	1	совету
2932	9	1	созданию
2933	9	1	созыве
2934	9	1	соколов
2935	9	1	сокращать
2936	9	1	соответствующее
2937	9	1	составляла
2938	9	1	составлять
2939	9	1	состоянии
2940	9	1	сотрудничестве
2941	9	1	социального
2942	9	1	союз
2943	9	1	способ
2944	9	1	справедливая
2945	9	1	спустя
2946	9	1	средний
2947	9	1	ставит
2948	9	1	старше
2949	9	1	статье
2950	9	1	статья
2951	9	1	статьям
2952	9	1	структуру
2953	9	1	сутки
2954	9	1	тариф
2955	9	1	тарифа
2956	9	1	теми
2957	9	1	терминал
2958	9	1	тимошенко
2959	9	1	типа
2960	9	1	токио
2961	9	1	торгового
2962	9	1	торговых
2963	9	1	точку
2964	9	1	транснефть
2965	9	1	третьем
2966	9	1	тэк
2967	9	1	тэка
2968	9	1	увеличению
2969	9	1	угля
2970	9	1	угроза
2971	9	1	укрепление
2972	9	1	управлении
2973	9	1	урегулированию
2974	9	1	усилить
2975	9	1	усилия
2976	9	1	учета
2977	9	1	факто
2978	9	1	февраля
2979	9	1	федеральном
2980	9	1	финансовую
2981	9	1	финансовыми
2982	9	1	фк
2983	9	1	форме
2984	9	1	фст
2985	9	1	функций
2986	9	1	хазар
2987	9	1	ходатайство
2988	9	1	холдинг
2989	9	1	худайнатов
2990	9	1	частных
2991	9	1	четвертый
2992	9	1	членом
2993	9	1	шаги
2994	9	1	шамолин
2995	9	1	экономическое
2996	9	1	экспертов
2997	9	1	эксплуатацию
2998	9	1	энергетического
2999	9	1	этими
3000	9	1	юридической
3001	9	1	якобы
3002	9	1	японии
3003	8	1	america
3004	8	1	bp
3005	8	1	deutsche
3006	8	1	hearst
3007	8	1	partners
3008	8	1	volkswagen
3009	8	1	администрирования
3010	8	1	аппарате
3011	8	1	аркадий
3012	8	1	аркадия
3013	8	1	ато
3014	8	1	аэрофлоту
3015	8	1	банковских
3016	8	1	банковского
3017	8	1	башкирского
3018	8	1	бизнесменов
3019	8	1	биржа
3020	8	1	близкого
3021	8	1	боевые
3022	8	1	больших
3023	8	1	бурмистров
3024	8	1	бюджетным
3025	8	1	важнее
3026	8	1	вам
3027	8	1	введением
3028	8	1	введены
3029	8	1	ввода
3030	8	1	ввоз
3031	8	1	взноса
3032	8	1	взносы
3033	8	1	взял
3034	8	1	видов
3035	8	1	визита
3036	8	1	внимания
3037	8	1	водителей
3038	8	1	воды
3039	8	1	военно
3040	8	1	военный
3041	8	1	возбуждении
3042	8	1	возбуждения
3043	8	1	возбуждено
3044	8	1	возможные
3045	8	1	вопросом
3046	8	1	восточного
3047	8	1	восточном
3048	8	1	восточный
3049	8	1	вошел
3050	8	1	впоследствии
3051	8	1	всему
3052	8	1	вторым
3053	8	1	выводу
3054	8	1	выразил
3055	8	1	высокие
3056	8	1	выхода
3057	8	1	выходить
3058	8	1	вышел
3059	8	1	гвардии
3060	8	1	геологоразведки
3061	8	1	геополитических
3062	8	1	глав
3063	8	1	главное
3064	8	1	гока
3065	8	1	гончарук
3066	8	1	горе
3067	8	1	госдума
3068	8	1	готово
3069	8	1	гражданских
3070	8	1	границ
3071	8	1	границе
3072	8	1	губернатором
3073	8	1	давал
3074	8	1	данном
3075	8	1	движение
3076	8	1	двумя
3077	8	1	девяти
3078	8	1	делом
3079	8	1	диалог
3080	8	1	длинные
3081	8	1	добыче
3082	8	1	дополнительного
3083	8	1	дорог
3084	8	1	досрочное
3085	8	1	достиг
3086	8	1	доходность
3087	8	1	дроздов
3088	8	1	друг
3089	8	1	думать
3090	8	1	завершения
3091	8	1	заводе
3092	8	1	заключение
3093	8	1	заключения
3094	8	1	законе
3095	8	1	заместителя
3096	8	1	заметил
3097	8	1	заметно
3098	8	1	запад
3099	8	1	запретить
3100	8	1	заставить
3101	8	1	зато
3102	8	1	зачастую
3103	8	1	здании
3104	8	1	значений
3105	8	1	зюзин
3106	8	1	иван
3107	8	1	игры
3108	8	1	издания
3109	8	1	инвест
3110	8	1	инвестиционные
3111	8	1	иногда
3112	8	1	интересах
3113	8	1	информацией
3114	8	1	инфраструктуру
3115	8	1	исключено
3116	8	1	иску
3117	8	1	ищут
3118	8	1	какая
3119	8	1	кампания
3120	8	1	кандидатам
3121	8	1	квартал
3122	8	1	комбината
3123	8	1	комплексов
3124	8	1	конкуренции
3125	8	1	консенсус
3126	8	1	контролем
3127	8	1	конфликте
3128	8	1	коржов
3129	8	1	корпорация
3130	8	1	край
3131	8	1	кэпитал
3132	8	1	легко
3133	8	1	летнего
3134	8	1	макроэкономических
3135	8	1	массовых
3136	8	1	материалов
3137	8	1	мгик
3138	8	1	межпромбанка
3139	8	1	мельников
3140	8	1	места
3141	8	1	месте
3142	8	1	месторождении
3143	8	1	министром
3144	8	1	минюст
3145	8	1	миссия
3146	8	1	митинг
3147	8	1	младшего
3148	8	1	моисеев
3149	8	1	море
3150	8	1	морских
3151	8	1	московская
3152	8	1	мощностью
3153	8	1	мтс
3154	8	1	муниципальный
3155	8	1	мэра
3156	8	1	набрал
3157	8	1	навального
3158	8	1	надоршин
3159	8	1	назвали
3160	8	1	название
3161	8	1	назначено
3162	8	1	наказание
3163	8	1	наконец
3164	8	1	накопления
3165	8	1	наличии
3166	8	1	налоговым
3167	8	1	намерении
3168	8	1	намерены
3169	8	1	намечено
3170	8	1	напомнил
3171	8	1	направил
3172	8	1	настаивает
3173	8	1	настаивают
3174	8	1	научный
3175	8	1	находящихся
3176	8	1	начало
3177	8	1	началом
3178	8	1	нашим
3179	8	1	немного
3180	8	1	необходим
3181	8	1	необходимостью
3182	8	1	необходимые
3183	8	1	неф
3184	8	1	нефтегазового
3185	8	1	нефтегазовой
3186	8	1	нормативы
3187	8	1	нормы
3188	8	1	носят
3189	8	1	нью
3190	8	1	обеих
3191	8	1	оборот
3192	8	1	обратился
3193	8	1	обращались
3194	8	1	обращении
3195	8	1	обсудить
3196	8	1	общем
3197	8	1	объектов
3198	8	1	ограничены
3199	8	1	ограничивает
3200	8	1	омбудсмен
3201	8	1	ооо
3202	8	1	оператор
3203	8	1	оператора
3204	8	1	оппозиционные
3205	8	1	оппозицию
3206	8	1	опрос
3207	8	1	оптимизации
3208	8	1	опубликован
3209	8	1	организацию
3210	8	1	оставил
3211	8	1	оставить
3212	8	1	ответные
3213	8	1	отдельным
3214	8	1	отзыва
3215	8	1	открыть
3216	8	1	отмене
3217	8	1	отмечается
3218	8	1	относится
3219	8	1	отношению
3220	8	1	офис
3221	8	1	официального
3222	8	1	партию
3223	8	1	партнером
3224	8	1	переданы
3225	8	1	петров
3226	8	1	петропавловский
3227	8	1	плане
3228	8	1	платежа
3229	8	1	платежной
3230	8	1	площади
3231	8	1	повестки
3232	8	1	погашения
3233	8	1	подобных
3234	8	1	подразделения
3235	8	1	подтвердила
3236	8	1	подход
3237	8	1	подчеркивает
3238	8	1	поздно
3239	8	1	пойти
3240	8	1	показать
3241	8	1	полномочиями
3242	8	1	получение
3243	8	1	получив
3244	8	1	поможет
3245	8	1	помочь
3246	8	1	попросил
3247	8	1	постановление
3248	8	1	поступления
3249	8	1	потока
3250	8	1	потребовал
3251	8	1	появление
3252	8	1	правоохранительные
3253	8	1	пределах
3254	8	1	предлагать
3255	8	1	предложением
3256	8	1	предложить
3257	8	1	предоставлять
3258	8	1	предположил
3259	8	1	привели
3260	8	1	приводят
3261	8	1	признаны
3262	8	1	примет
3263	8	1	присоединение
3264	8	1	причина
3265	8	1	причинам
3266	8	1	про
3267	8	1	проблемам
3268	8	1	проблемой
3269	8	1	провели
3270	8	1	проверок
3271	8	1	продал
3272	8	1	продлить
3273	8	1	продовольствия
3274	8	1	продолжить
3275	8	1	продукты
3276	8	1	проектах
3277	8	1	производителей
3278	8	1	произошел
3279	8	1	пройти
3280	8	1	просьбу
3281	8	1	проходили
3282	8	1	проходят
3283	8	1	процент
3284	8	1	проценты
3285	8	1	прошло
3286	8	1	проще
3287	8	1	пункты
3288	8	1	пургин
3289	8	1	пусть
3290	8	1	ради
3291	8	1	развивать
3292	8	1	размещать
3293	8	1	разработке
3294	8	1	разрешения
3295	8	1	разумеется
3296	8	1	рассматривает
3297	8	1	расширить
3298	8	1	раунд
3299	8	1	рахимов
3300	8	1	реального
3301	8	1	регион
3302	8	1	резкого
3303	8	1	резкое
3304	8	1	рекомендовал
3305	8	1	ремонт
3306	8	1	ремонта
3307	8	1	решили
3308	8	1	розничной
3309	8	1	роухани
3310	8	1	самая
3311	8	1	самоуправления
3312	8	1	сведения
3313	8	1	свидетелей
3314	8	1	свидетельствует
3315	8	1	связей
3316	8	1	северная
3317	8	1	сегмент
3318	8	1	силовиков
3319	8	1	сланцевых
3320	8	1	следственные
3321	8	1	следующего
3322	8	1	сложных
3323	8	1	снижать
3324	8	1	снова
3325	8	1	собственной
3326	8	1	совете
3327	8	1	согласны
3328	8	1	сократился
3329	8	1	сомневается
3330	8	1	сообщала
3331	8	1	сообщали
3332	8	1	соответствующие
3333	8	1	составят
3334	8	1	состоит
3335	8	1	состоится
3336	8	1	сочинском
3337	8	1	спад
3338	8	1	списка
3339	8	1	споров
3340	8	1	способны
3341	8	1	способом
3342	8	1	ссср
3343	8	1	становятся
3344	8	1	стоимостью
3345	8	1	страховые
3346	8	1	судостроительной
3347	8	1	сургутнефтегаз
3348	8	1	сферы
3349	8	1	сформировать
3350	8	1	счетам
3351	8	1	та
3352	8	1	татьяна
3353	8	1	текущий
3354	8	1	темпами
3355	8	1	темпов
3356	8	1	теоретически
3357	8	1	титов
3358	8	1	требование
3359	8	1	труд
3360	8	1	туре
3361	8	1	тысяч
3362	8	1	уведомлений
3363	8	1	увеличивать
3364	8	1	уверены
3365	8	1	увольнения
3366	8	1	успех
3367	8	1	успешно
3368	8	1	уточнила
3369	8	1	участок
3370	8	1	фактором
3371	8	1	факторы
3372	8	1	финансировать
3373	8	1	финансовая
3374	8	1	флота
3375	8	1	формирования
3376	8	1	фцп
3377	8	1	ходатайству
3378	8	1	центральной
3379	8	1	центральный
3380	8	1	чиновника
3381	8	1	чья
3382	8	1	шапошников
3383	8	1	швейцарии
3384	8	1	шла
3385	8	1	южного
3386	8	1	юристы
3387	7	1	and
3388	7	1	chartered
3389	7	1	en
3390	7	1	financial
3391	7	1	http
3392	7	1	ing
3393	7	1	rbc
3394	7	1	urals
3395	7	1	wef
3396	7	1	абсолютно
3397	7	1	авиации
3398	7	1	автодор
3399	7	1	авторы
3400	7	1	административной
3401	7	1	административных
3402	7	1	администрацией
3403	7	1	айрапетян
3404	7	1	акт
3405	7	1	активами
3406	7	1	алиханова
3407	7	1	амнистии
3408	7	1	аналитика
3409	7	1	арктике
3410	7	1	балансе
3411	7	1	безусловно
3412	7	1	белом
3413	7	1	бизнесмену
3414	7	1	боевых
3415	7	1	больницы
3416	7	1	большого
3417	7	1	брать
3418	7	1	бывшим
3419	7	1	бюджетной
3420	7	1	бюджетные
3421	7	1	василий
3422	7	1	ведут
3423	7	1	ведутся
3424	7	1	верховной
3425	7	1	взаимодействие
3426	7	1	взыскать
3427	7	1	визит
3428	7	1	виталий
3429	7	1	включить
3430	7	1	владимиру
3431	7	1	внешнего
3432	7	1	внешней
3433	7	1	внешним
3434	7	1	вносить
3435	7	1	вовсе
3436	7	1	водители
3437	7	1	военнослужащих
3438	7	1	возвращения
3439	7	1	возглавил
3440	7	1	возможен
3441	7	1	возможное
3442	7	1	войне
3443	7	1	войска
3444	7	1	восток
3445	7	1	восьми
3446	7	1	вошли
3447	7	1	вплоть
3448	7	1	вроде
3449	7	1	всемирного
3450	7	1	вспоминает
3451	7	1	встречался
3452	7	1	второе
3453	7	1	выборами
3454	7	1	выйдет
3455	7	1	выкупить
3456	7	1	вынуждена
3457	7	1	высказал
3458	7	1	высказался
3459	7	1	высокопоставленный
3460	7	1	выступили
3461	7	1	высшего
3462	7	1	газете
3463	7	1	геннадий
3464	7	1	генсовета
3465	7	1	главных
3466	7	1	глубоководных
3467	7	1	голосовании
3468	7	1	гонконгский
3469	7	1	городах
3470	7	1	госбанки
3471	7	1	государств
3472	7	1	государственно
3473	7	1	государственную
3474	7	1	гражданам
3475	7	1	граждане
3476	7	1	грузов
3477	7	1	губенко
3478	7	1	давосе
3479	7	1	дальнейшее
3480	7	1	дают
3481	7	1	движением
3482	7	1	девальвации
3483	7	1	действиям
3484	7	1	действуют
3485	7	1	действующие
3486	7	1	денин
3487	7	1	депутатам
3488	7	1	депутатами
3489	7	1	десятков
3490	7	1	детали
3491	7	1	дипломат
3492	7	1	добролет
3493	7	1	долговой
3494	7	1	домашним
3495	7	1	доме
3496	7	1	донской
3497	7	1	дополнительный
3498	7	1	допускает
3499	7	1	допустил
3500	7	1	достигла
3501	7	1	достоверность
3502	7	1	думского
3503	7	1	думы
3504	7	1	ебрр
3505	7	1	европейским
3506	7	1	единый
3507	7	1	ежегодно
3508	7	1	железнодорожных
3509	7	1	железных
3510	7	1	жертвы
3511	7	1	жизнь
3512	7	1	жители
3513	7	1	жить
3514	7	1	забрать
3515	7	1	заведомо
3516	7	1	заключил
3517	7	1	законопроекте
3518	7	1	законопроектной
3519	7	1	законопроектом
3520	7	1	закрыть
3521	7	1	замгендиректора
3522	7	1	замечания
3523	7	1	зампредседателя
3524	7	1	запасы
3525	7	1	запланировано
3526	7	1	запрещает
3527	7	1	заработать
3528	7	1	зарплату
3529	7	1	захаров
3530	7	1	захарченко
3531	7	1	заявки
3532	7	1	заявок
3533	7	1	здания
3534	7	1	зимой
3535	7	1	значительного
3536	7	1	значительное
3537	7	1	знаю
3538	7	1	зону
3539	7	1	игроков
3540	7	1	идее
3541	7	1	изменении
3542	7	1	имели
3543	7	1	ими
3544	7	1	инициатива
3545	7	1	институты
3546	7	1	интернет
3547	7	1	исключают
3548	7	1	исключил
3549	7	1	исключительно
3550	7	1	исключить
3551	7	1	исполнения
3552	7	1	италии
3553	7	1	кампаний
3554	7	1	кастро
3555	7	1	киеве
3556	7	1	китайские
3557	7	1	клиентам
3558	7	1	ключевую
3559	7	1	коллеги
3560	7	1	колычев
3561	7	1	кольца
3562	7	1	комбинат
3563	7	1	комитетом
3564	7	1	комментируют
3565	7	1	контексте
3566	7	1	контракт
3567	7	1	концерна
3568	7	1	коридора
3569	7	1	котировок
3570	7	1	кредитные
3571	7	1	крупнейшего
3572	7	1	кубы
3573	7	1	кудрин
3574	7	1	курсу
3575	7	1	кынев
3576	7	1	лайф
3577	7	1	ликвидации
3578	7	1	лицо
3579	7	1	лондонской
3580	7	1	луценко
3581	7	1	лысенко
3582	7	1	максимальный
3583	7	1	маневр
3584	7	1	марки
3585	7	1	маркин
3586	7	1	медведевым
3587	7	1	меджлис
3588	7	1	менеджмент
3589	7	1	местные
3590	7	1	месторождению
3591	7	1	металлургическая
3592	7	1	методами
3593	7	1	механизма
3594	7	1	мешает
3595	7	1	мид
3596	7	1	миллиардов
3597	7	1	минобороны
3598	7	1	минрегиона
3599	7	1	минюста
3600	7	1	мирового
3601	7	1	моратория
3602	7	1	мосгорсуд
3603	7	1	москвой
3604	7	1	наверное
3605	7	1	названием
3606	7	1	назначение
3607	7	1	называет
3608	7	1	наличие
3609	7	1	намерена
3610	7	1	намного
3611	7	1	направлениях
3612	7	1	напряженность
3613	7	1	народного
3614	7	1	нарушениях
3615	7	1	находиться
3616	7	1	национальная
3617	7	1	начались
3618	7	1	начался
3619	7	1	начиная
3620	7	1	негативные
3621	7	1	некоторое
3622	7	1	непросто
3623	7	1	несет
3624	7	1	нефтепродуктов
3625	7	1	низкий
3626	7	1	новороссия
3627	7	1	новыми
3628	7	1	обвиняемого
3629	7	1	обеспечивает
3630	7	1	обзоре
3631	7	1	оборонной
3632	7	1	оборота
3633	7	1	обратно
3634	7	1	обращаться
3635	7	1	обсуждается
3636	7	1	обсуждаться
3637	7	1	общее
3638	7	1	общую
3639	7	1	объявила
3640	7	1	одобрено
3641	7	1	одобрил
3642	7	1	ожиданий
3643	7	1	ожидают
3644	7	1	оказывает
3645	7	1	операционных
3646	7	1	определять
3647	7	1	опроверг
3648	7	1	опцион
3649	7	1	опыта
3650	7	1	орган
3651	7	1	органа
3652	7	1	органам
3653	7	1	основанием
3654	7	1	основании
3655	7	1	оспорить
3656	7	1	остались
3657	7	1	осуществляться
3658	7	1	отдела
3659	7	1	отклонил
3660	7	1	отменить
3661	7	1	официальной
3662	7	1	оценки
3663	7	1	палата
3664	7	1	параметров
3665	7	1	партнерами
3666	7	1	пенсионеров
3667	7	1	перевозчика
3668	7	1	переносе
3669	7	1	песков
3670	7	1	писал
3671	7	1	пишут
3672	7	1	планах
3673	7	1	планировала
3674	7	1	платы
3675	7	1	плотницкий
3676	7	1	плохо
3677	7	1	площадке
3678	7	1	победы
3679	7	1	повестка
3680	7	1	погасить
3681	7	1	подготовку
3682	7	1	подлежат
3683	7	1	подряд
3684	7	1	позднее
3685	7	1	поиск
3686	7	1	показывают
3687	7	1	покупателей
3688	7	1	покупатели
3689	7	1	политикой
3690	7	1	половину
3691	7	1	положительно
3692	7	1	получат
3693	7	1	получения
3694	7	1	польша
3695	7	1	попали
3696	7	1	поручение
3697	7	1	поставками
3698	7	1	поставлять
3699	7	1	поставщиков
3700	7	1	потенциального
3701	7	1	пояснительной
3702	7	1	превысит
3703	7	1	предлагали
3704	7	1	предоставление
3705	7	1	предполагалось
3706	7	1	представление
3707	7	1	представляет
3708	7	1	презентации
3709	7	1	преодолеть
3710	7	1	преступлений
3711	7	1	преступления
3712	7	1	приватбанка
3713	7	1	привела
3714	7	1	призвал
3715	7	1	признают
3716	7	1	пример
3717	7	1	принципиально
3718	7	1	приняла
3719	7	1	принятии
3720	7	1	принятию
3721	7	1	приняты
3722	7	1	присутствия
3723	7	1	причинах
3724	7	1	причине
3725	7	1	пришел
3726	7	1	проводит
3727	7	1	прогресс
3728	7	1	продажа
3729	7	1	проданы
3730	7	1	продолжается
3731	7	1	проектом
3732	7	1	проекту
3733	7	1	производить
3734	7	1	производству
3735	7	1	произойдет
3736	7	1	прокомментировал
3737	7	1	промышленного
3738	7	1	просрочки
3739	7	1	проходит
3740	7	1	прошлую
3741	7	1	прямого
3742	7	1	пускового
3743	7	1	разбирательство
3744	7	1	различные
3745	7	1	различных
3746	7	1	разработку
3747	7	1	рамки
3748	7	1	распоряжении
3749	7	1	распоряжения
3750	7	1	рассмотрения
3751	7	1	реагирования
3752	7	1	реализацию
3753	7	1	реально
3754	7	1	реальный
3755	7	1	региональный
3756	7	1	регулирование
3757	7	1	результатам
3758	7	1	результатов
3759	7	1	республику
3760	7	1	ресурс
3761	7	1	решит
3762	7	1	роман
3763	7	1	росздравнадзор
3764	7	1	рубеж
3765	7	1	русский
3766	7	1	ряде
3767	7	1	сазонов
3768	7	1	самих
3769	7	1	самыми
3770	7	1	санкциях
3771	7	1	свидетельствуют
3772	7	1	свободу
3773	7	1	сегменте
3774	7	1	секретаря
3775	7	1	секунда
3776	7	1	сенатора
3777	7	1	силами
3778	7	1	следить
3779	7	1	следующие
3780	7	1	слюняев
3781	7	1	снижает
3782	7	1	снизились
3783	7	1	собственников
3784	7	1	собственным
3785	7	1	собянин
3786	7	1	советских
3787	7	1	совместно
3788	7	1	совместного
3789	7	1	согласился
3790	7	1	создала
3791	7	1	создаст
3792	7	1	сократится
3793	7	1	сомнения
3794	7	1	сообщало
3795	7	1	сообщениями
3796	7	1	сообщество
3797	7	1	сообществом
3798	7	1	соприкосновения
3799	7	1	списки
3800	7	1	спокойно
3801	7	1	стаж
3802	7	1	стандарты
3803	7	1	станции
3804	7	1	старшего
3805	7	1	старых
3806	7	1	сторона
3807	7	1	стратегического
3808	7	1	страхование
3809	7	1	страховки
3810	7	1	субъектов
3811	7	1	судебного
3812	7	1	судебных
3813	7	1	судьба
3814	7	1	судя
3815	7	1	суток
3816	7	1	схема
3817	7	1	счетах
3818	7	1	телефону
3819	7	1	темы
3820	7	1	терминала
3821	7	1	титова
3822	7	1	тнк
3823	7	1	трансаэро
3824	7	1	транспортной
3825	7	1	требса
3826	7	1	убытков
3827	7	1	увеличила
3828	7	1	углеводородов
3829	7	1	уж
3830	7	1	украинская
3831	7	1	украинским
3832	7	1	улучшение
3833	7	1	упадет
3834	7	1	уровней
3835	7	1	уровнях
3836	7	1	уроки
3837	7	1	устанавливать
3838	7	1	устраивает
3839	7	1	участвуют
3840	7	1	участии
3841	7	1	учесть
3842	7	1	федеральные
3843	7	1	федеральным
3844	7	1	федеральных
3845	7	1	физлиц
3846	7	1	фильтр
3847	7	1	фирмы
3848	7	1	фондом
3849	7	1	формируется
3850	7	1	фтс
3851	7	1	хорошие
3852	7	1	хороший
3853	7	1	царев
3854	7	1	ценных
3855	7	1	цифра
3856	7	1	частного
3857	7	1	частной
3858	7	1	чехии
3859	7	1	членами
3860	7	1	шанс
3861	7	1	шансов
3862	7	1	шестого
3863	7	1	школ
3864	7	1	штраф
3865	7	1	шувалов
3866	7	1	экономистов
3867	7	1	экономическая
3868	7	1	экспобанка
3869	7	1	южный
3870	7	1	юлии
3871	7	1	юлия
3872	7	1	юрия
3873	7	1	яблоко
3874	6	1	bofa
3875	6	1	brent
3876	6	1	e
3877	6	1	glencore
3878	6	1	times
3879	6	1	top
3880	6	1	абсолют
3881	6	1	август
3882	6	1	автоматически
3883	6	1	агентству
3884	6	1	агитацию
3885	6	1	административный
3886	6	1	аеб
3887	6	1	азиатско
3888	6	1	аксенов
3889	6	1	актива
3890	6	1	активность
3891	6	1	альтернативы
3892	6	1	алюминиевой
3893	6	1	американская
3894	6	1	американский
3895	6	1	амнистию
3896	6	1	аналогичным
3897	6	1	анатолий
3898	6	1	аресте
3899	6	1	арестован
3900	6	1	арктических
3901	6	1	атака
3902	6	1	бажаева
3903	6	1	база
3904	6	1	банкротстве
3905	6	1	басманный
3906	6	1	башнефтью
3907	6	1	белоруссии
3908	6	1	белорусской
3909	6	1	бизнесмены
3910	6	1	билетов
3911	6	1	биржевой
3912	6	1	биржу
3913	6	1	ближайший
3914	6	1	ближе
3915	6	1	большинством
3916	6	1	буду
3917	6	1	будущего
3918	6	1	буздалин
3919	6	1	бюджеты
3920	6	1	валюта
3921	6	1	вариантом
3922	6	1	ввел
3923	6	1	ведомостям
3924	6	1	велиева
3925	6	1	великобритания
3926	6	1	величине
3927	6	1	вернется
3928	6	1	верховного
3929	6	1	видели
3930	6	1	виду
3931	6	1	видят
3932	6	1	владельцы
3933	6	1	вложений
3934	6	1	вмешательства
3935	6	1	внесении
3936	6	1	внесения
3937	6	1	внесенный
3938	6	1	внесены
3939	6	1	возврата
3940	6	1	возвращать
3941	6	1	воздействия
3942	6	1	возмещение
3943	6	1	возможной
3944	6	1	возможностью
3945	6	1	возник
3946	6	1	вооружений
3947	6	1	вооруженных
3948	6	1	восстановление
3949	6	1	вперед
3950	6	1	всерьез
3951	6	1	всто
3952	6	1	вторит
3953	6	1	въезд
3954	6	1	выглядят
3955	6	1	выдвинуть
3956	6	1	выиграл
3957	6	1	выкупа
3958	6	1	выплата
3959	6	1	выплату
3960	6	1	выплаченных
3961	6	1	выполнения
3962	6	1	выполняет
3963	6	1	высказались
3964	6	1	выступая
3965	6	1	гарантий
3966	6	1	геннадия
3967	6	1	германии
3968	6	1	годовой
3969	6	1	головной
3970	6	1	госкомпания
3971	6	1	госкорпорации
3972	6	1	госкорпорация
3973	6	1	государственная
3974	6	1	гражданская
3975	6	1	гражданский
3976	6	1	греф
3977	6	1	григорий
3978	6	1	давности
3979	6	1	далеко
3980	6	1	данной
3981	6	1	двое
3982	6	1	действиями
3983	6	1	действующего
3984	6	1	депутатом
3985	6	1	депутатских
3986	6	1	депутатской
3987	6	1	дизель
3988	6	1	директором
3989	6	1	добычу
3990	6	1	договоренностей
3991	6	1	долей
3992	6	1	доллару
3993	6	1	донецк
3994	6	1	допустимых
3995	6	1	дорогу
3996	6	1	дороже
3997	6	1	достигнет
3998	6	1	дохода
3999	6	1	дочку
4000	6	1	др
4001	6	1	душанбе
4002	6	1	единого
4003	6	1	ею
4004	6	1	жалоб
4005	6	1	ждут
4006	6	1	желающих
4007	6	1	жесткой
4008	6	1	живут
4009	6	1	зависят
4010	6	1	заводы
4011	6	1	завтра
4012	6	1	загребной
4013	6	1	задачи
4014	6	1	заемщикам
4015	6	1	займет
4016	6	1	займов
4017	6	1	заключить
4018	6	1	законопроектов
4019	6	1	закрытом
4020	6	1	закупки
4021	6	1	заморозки
4022	6	1	замруководителя
4023	6	1	занимают
4024	6	1	заплатив
4025	6	1	запросу
4026	6	1	заранее
4027	6	1	зарегистрировано
4028	6	1	заставляет
4029	6	1	захочет
4030	6	1	знаком
4031	6	1	значительную
4032	6	1	значительных
4033	6	1	зюганова
4034	6	1	избирательные
4035	6	1	известен
4036	6	1	издание
4037	6	1	изменилась
4038	6	1	ик
4039	6	1	илья
4040	6	1	импортных
4041	6	1	имя
4042	6	1	инвестициям
4043	6	1	инвестор
4044	6	1	индекс
4045	6	1	индексации
4046	6	1	инициировать
4047	6	1	иного
4048	6	1	институтов
4049	6	1	интересен
4050	6	1	инфляционных
4051	6	1	инфографику
4052	6	1	иные
4053	6	1	иными
4054	6	1	исключение
4055	6	1	исполкома
4056	6	1	исполнительный
4057	6	1	используют
4058	6	1	используются
4059	6	1	казахстан
4060	6	1	казахстана
4061	6	1	канада
4062	6	1	капиталу
4063	6	1	кг
4064	6	1	кем
4065	6	1	кидяев
4066	6	1	ким
4067	6	1	кипрский
4068	6	1	киринского
4069	6	1	китае
4070	6	1	класса
4071	6	1	клиент
4072	6	1	клювгант
4073	6	1	ключевые
4074	6	1	ключевым
4075	6	1	кодексе
4076	6	1	коллег
4077	6	1	комитетов
4078	6	1	коммунистов
4079	6	1	комплексы
4080	6	1	компромисса
4081	6	1	конечном
4082	6	1	конкурировать
4083	6	1	консолидированных
4084	6	1	консорциума
4085	6	1	контактной
4086	6	1	контролирует
4087	6	1	конфискации
4088	6	1	коррупцией
4089	6	1	котировки
4090	6	1	которыми
4091	6	1	коэффициент
4092	6	1	коэффициенты
4093	6	1	красноярском
4094	6	1	края
4095	6	1	кризисом
4096	6	1	лавров
4097	6	1	легкой
4098	6	1	лета
4099	6	1	ликвидностью
4100	6	1	линий
4101	6	1	лицам
4102	6	1	лишения
4103	6	1	логично
4104	6	1	луганском
4105	6	1	лучшим
4106	6	1	любого
4107	6	1	любую
4108	6	1	макропрогноза
4109	6	1	маневра
4110	6	1	марина
4111	6	1	массы
4112	6	1	масштаб
4113	6	1	мвт
4114	6	1	межбанковского
4115	6	1	международная
4116	6	1	менеджера
4117	6	1	менеджмента
4118	6	1	местной
4119	6	1	месторождение
4120	6	1	месяцы
4121	6	1	металлинвестбанка
4122	6	1	министров
4123	6	1	минус
4124	6	1	мирному
4125	6	1	многочисленные
4126	6	1	молодцов
4127	6	1	морской
4128	6	1	мурманской
4129	6	1	мфо
4130	6	1	н
4131	6	1	набиуллина
4132	6	1	наверняка
4133	6	1	называть
4134	6	1	называют
4135	6	1	налогоплательщиков
4136	6	1	намерение
4137	6	1	нарушает
4138	6	1	нарушений
4139	6	1	нарышкин
4140	6	1	население
4141	6	1	настоящий
4142	6	1	национальный
4143	6	1	началось
4144	6	1	началу
4145	6	1	небольшой
4146	6	1	недвижимость
4147	6	1	недель
4148	6	1	незаконно
4149	6	1	некое
4150	6	1	немало
4151	6	1	необходимого
4152	6	1	неожиданностью
4153	6	1	неопределенность
4154	6	1	неприкосновенности
4155	6	1	несут
4156	6	1	нижегородской
4157	6	1	низкой
4158	6	1	никакой
4159	6	1	никому
4160	6	1	новатэка
4161	6	1	нрб
4162	6	1	ну
4163	6	1	нулевой
4164	6	1	нынешние
4165	6	1	обвинений
4166	6	1	обвиняемых
4167	6	1	обе
4168	6	1	обещает
4169	6	1	обороты
4170	6	1	обострения
4171	6	1	образовательных
4172	6	1	обслуживания
4173	6	1	обстановки
4174	6	1	обсуждать
4175	6	1	общаться
4176	6	1	одобрен
4177	6	1	ожидания
4178	6	1	окажет
4179	6	1	окончательного
4180	6	1	ольги
4181	6	1	опасается
4182	6	1	операционной
4183	6	1	ополчения
4184	6	1	оппозиционных
4185	6	1	оппоненты
4186	6	1	определения
4187	6	1	определенный
4188	6	1	опросы
4189	6	1	опытом
4190	6	1	органами
4191	6	1	организацией
4192	6	1	освободить
4193	6	1	основу
4194	6	1	особые
4195	6	1	оспаривать
4196	6	1	остальное
4197	6	1	остановить
4198	6	1	останутся
4199	6	1	ответить
4200	6	1	отвечая
4201	6	1	отвод
4202	6	1	отдать
4203	6	1	отдельно
4204	6	1	отечественного
4205	6	1	отказалось
4206	6	1	отключение
4207	6	1	открытии
4208	6	1	открытые
4209	6	1	открытых
4210	6	1	отмену
4211	6	1	отнюдь
4212	6	1	отправить
4213	6	1	отреагировал
4214	6	1	оттуда
4215	6	1	отчасти
4216	6	1	павла
4217	6	1	парке
4218	6	1	переговорах
4219	6	1	перенести
4220	6	1	перенос
4221	6	1	персонал
4222	6	1	перспективу
4223	6	1	петербургского
4224	6	1	планам
4225	6	1	плановый
4226	6	1	платонов
4227	6	1	платформ
4228	6	1	платформа
4229	6	1	платят
4230	6	1	пмэф
4231	6	1	повлияет
4232	6	1	повод
4233	6	1	повстанцы
4234	6	1	повысил
4235	6	1	повысили
4236	6	1	подал
4237	6	1	подать
4238	6	1	подачи
4239	6	1	подразделений
4240	6	1	подразумевает
4241	6	1	подсчитали
4242	6	1	подтвердили
4243	6	1	подтвердить
4244	6	1	позволят
4245	6	1	позитивно
4246	6	1	показала
4247	6	1	поклонной
4248	6	1	полагать
4249	6	1	полагаю
4250	6	1	поле
4251	6	1	политиков
4252	6	1	полное
4253	6	1	полной
4254	6	1	половина
4255	6	1	получал
4256	6	1	получала
4257	6	1	получали
4258	6	1	помогает
4259	6	1	понимание
4260	6	1	понимают
4261	6	1	популярность
4262	6	1	порога
4263	6	1	порта
4264	6	1	портфеле
4265	6	1	послужило
4266	6	1	поставках
4267	6	1	поставлена
4268	6	1	поставляет
4269	6	1	поступлений
4270	6	1	потребители
4271	6	1	потребует
4272	6	1	появиться
4273	6	1	появятся
4274	6	1	пояснили
4275	6	1	правом
4276	6	1	праву
4277	6	1	практика
4278	6	1	предварительно
4279	6	1	предварительного
4280	6	1	предвыборной
4281	6	1	предлагал
4282	6	1	предложен
4283	6	1	предложению
4284	6	1	предложенный
4285	6	1	предоставил
4286	6	1	предпочитают
4287	6	1	председателю
4288	6	1	представителем
4289	6	1	представительство
4290	6	1	представлять
4291	6	1	представляют
4292	6	1	предупреждали
4293	6	1	предусмотрено
4294	6	1	президентской
4295	6	1	президентства
4296	6	1	преследования
4297	6	1	признаки
4298	6	1	принадлежащие
4299	6	1	принести
4300	6	1	приобрел
4301	6	1	присутствии
4302	6	1	приходилось
4303	6	1	причинами
4304	6	1	проблемных
4305	6	1	проводил
4306	6	1	прогнозируют
4307	6	1	продажу
4308	6	1	продление
4309	6	1	продлится
4310	6	1	проезд
4311	6	1	произойти
4312	6	1	происходят
4313	6	1	прокурора
4314	6	1	промпроизводства
4315	6	1	пропаганды
4316	6	1	просить
4317	6	1	простой
4318	6	1	пространства
4319	6	1	протестов
4320	6	1	противостояния
4321	6	1	процедура
4322	6	1	процедуру
4323	6	1	процентные
4324	6	1	процессов
4325	6	1	публичной
4326	6	1	пугачева
4327	6	1	пытался
4328	6	1	рабочих
4329	6	1	рада
4330	6	1	развитием
4331	6	1	развитии
4332	6	1	размером
4333	6	1	размещению
4334	6	1	разница
4335	6	1	разработал
4336	6	1	разрешить
4337	6	1	рано
4338	6	1	расследование
4339	6	1	расчетных
4340	6	1	расширению
4341	6	1	реакции
4342	6	1	реальной
4343	6	1	реверсные
4344	6	1	региональным
4345	6	1	реестр
4346	6	1	режиму
4347	6	1	резервные
4348	6	1	резервных
4349	6	1	результатом
4350	6	1	рейсы
4351	6	1	рейтинга
4352	6	1	ректор
4353	6	1	ресурса
4354	6	1	решен
4355	6	1	решении
4356	6	1	рисками
4357	6	1	родственников
4358	6	1	роли
4359	6	1	росли
4360	6	1	роснефтью
4361	6	1	россиянам
4362	6	1	росстата
4363	6	1	рублевые
4364	6	1	рублевых
4365	6	1	руды
4366	6	1	руку
4367	6	1	русская
4368	6	1	рынкам
4369	6	1	самолет
4370	6	1	свободных
4371	6	1	связного
4372	6	1	связной
4373	6	1	связь
4374	6	1	сделали
4375	6	1	сделкам
4376	6	1	сделке
4377	6	1	севастополя
4378	6	1	северстали
4379	6	1	сенатор
4380	6	1	сергеем
4381	6	1	середину
4382	6	1	сертификаты
4383	6	1	сертификации
4384	6	1	сетует
4385	6	1	симферополь
4386	6	1	сказаться
4387	6	1	скоро
4388	6	1	следователей
4389	6	1	следственным
4390	6	1	слово
4391	6	1	сложные
4392	6	1	службу
4393	6	1	смены
4394	6	1	снбо
4395	6	1	собираются
4396	6	1	соблюдать
4397	6	1	соблюдением
4398	6	1	совместный
4399	6	1	совокупный
4400	6	1	согласиться
4401	6	1	согласования
4402	6	1	создана
4403	6	1	создано
4404	6	1	сообщать
4405	6	1	сообщению
4406	6	1	сооружений
4407	6	1	соответствующих
4408	6	1	сохранении
4409	6	1	социальном
4410	6	1	специальные
4411	6	1	списков
4412	6	1	среднесрочной
4413	6	1	средствами
4414	6	1	стабильно
4415	6	1	ставкам
4416	6	1	стажем
4417	6	1	становая
4418	6	1	станций
4419	6	1	старые
4420	6	1	страхованию
4421	6	1	страховка
4422	6	1	страхового
4423	6	1	стремится
4424	6	1	строго
4425	6	1	строится
4426	6	1	структура
4427	6	1	суверенитета
4428	6	1	сумме
4429	6	1	существенному
4430	6	1	схеме
4431	6	1	счетной
4432	6	1	считая
4433	6	1	сына
4434	6	1	такими
4435	6	1	текст
4436	6	1	текущие
4437	6	1	телеканал
4438	6	1	тему
4439	6	1	тени
4440	6	1	территориальной
4441	6	1	территория
4442	6	1	технические
4443	6	1	технический
4444	6	1	товара
4445	6	1	толоконский
4446	6	1	топливо
4447	6	1	традиционных
4448	6	1	трансферта
4449	6	1	трассы
4450	6	1	третьего
4451	6	1	третьих
4452	6	1	третья
4453	6	1	тур
4454	6	1	тут
4455	6	1	тэпк
4456	6	1	увеличением
4457	6	1	увеличится
4458	6	1	уголовной
4459	6	1	уголовному
4460	6	1	уголь
4461	6	1	угрозы
4462	6	1	удивительно
4463	6	1	удобрений
4464	6	1	ужесточения
4465	6	1	узнал
4466	6	1	уйти
4467	6	1	украинскому
4468	6	1	упал
4469	6	1	урал
4470	6	1	уралсиба
4471	6	1	урегулировании
4472	6	1	условиям
4473	6	1	условно
4474	6	1	установление
4475	6	1	установленный
4476	6	1	установок
4477	6	1	утверждают
4478	6	1	уход
4479	6	1	участника
4480	6	1	участникам
4481	6	1	участниками
4482	6	1	фадеева
4483	6	1	факторов
4484	6	1	фг
4485	6	1	федор
4486	6	1	фиксированной
4487	6	1	финанс
4488	6	1	финансовое
4489	6	1	фомс
4490	6	1	фонду
4491	6	1	фунта
4492	6	1	хватит
4493	6	1	хотим
4494	6	1	хоть
4495	6	1	целый
4496	6	1	целях
4497	6	1	центризбиркома
4498	6	1	центробанк
4499	6	1	цепляева
4500	6	1	цитирует
4501	6	1	числом
4502	6	1	чистая
4503	6	1	членства
4504	6	1	чтении
4505	6	1	шотландии
4506	6	1	экономическую
4507	6	1	эффективно
4508	6	1	юдаева
4509	6	1	явки
4510	6	1	язык
4511	6	1	ярослав
4512	5	1	a
4513	5	1	advice
4514	5	1	alltech
4515	5	1	blp
4516	5	1	call
4517	5	1	corp
4518	5	1	gov
4519	5	1	jsw
4520	5	1	limited
4521	5	1	ltd
4522	5	1	margin
4523	5	1	marshall
4524	5	1	moscow
4525	5	1	paragon
4526	5	1	red
4527	5	1	shkulev
4528	5	1	shtml
4529	5	1	south
4530	5	1	stream
4531	5	1	sual
4532	5	1	ubs
4533	5	1	абсолютном
4534	5	1	абсолютных
4535	5	1	автомобили
4536	5	1	административные
4537	5	1	азиатских
4538	5	1	активам
4539	5	1	активные
4540	5	1	активом
4541	5	1	альтернативных
4542	5	1	альтернативу
4543	5	1	американского
4544	5	1	аналогичные
4545	5	1	анна
4546	5	1	анонимности
4547	5	1	аппарат
4548	5	1	апрель
4549	5	1	аргументы
4550	5	1	арестованы
4551	5	1	армия
4552	5	1	аэропорт
4553	5	1	аэропортов
4554	5	1	бажаев
4555	5	1	баллотироваться
4556	5	1	балтийский
4557	5	1	бама
4558	5	1	батькивщина
4559	5	1	батькивщины
4560	5	1	башкортостан
4561	5	1	белоруссия
4562	5	1	бензин
4563	5	1	берегу
4564	5	1	беседе
4565	5	1	блаватника
4566	5	1	близко
4567	5	1	богатейших
4568	5	1	боломатов
4569	5	1	брокер
4570	5	1	брюсселе
4571	5	1	будзуляк
4572	5	1	будущий
4573	5	1	булатов
4574	5	1	бумагам
4575	5	1	бумагу
4576	5	1	бурматова
4577	5	1	бывших
4578	5	1	быстрее
4579	5	1	бюджетом
4580	5	1	важны
4581	5	1	важных
4582	5	1	валютными
4583	5	1	варианте
4584	5	1	введен
4585	5	1	введению
4586	5	1	введенные
4587	5	1	введенных
4588	5	1	вводит
4589	5	1	ведении
4590	5	1	ведомств
4591	5	1	ведомствам
4592	5	1	вексельберг
4593	5	1	вероятным
4594	5	1	верфи
4595	5	1	верхней
4596	5	1	взаимных
4597	5	1	взыскания
4598	5	1	виды
4599	5	1	виновным
4600	5	1	виноградов
4601	5	1	високосная
4602	5	1	владивосток
4603	5	1	влияют
4604	5	1	вложения
4605	5	1	вмешивается
4606	5	1	вне
4607	5	1	внутреннем
4608	5	1	внутренний
4609	5	1	внутренним
4610	5	1	воду
4611	5	1	воевать
4612	5	1	возглавить
4613	5	1	воздуха
4614	5	1	возможны
4615	5	1	возникают
4616	5	1	возникла
4617	5	1	возникнет
4618	5	1	войдут
4619	5	1	вопросе
4620	5	1	вправе
4621	5	1	врачей
4622	5	1	временно
4623	5	1	временной
4624	5	1	всемирный
4625	5	1	встанет
4626	5	1	вторая
4627	5	1	второму
4628	5	1	вывода
4629	5	1	выгодно
4630	5	1	выдаче
4631	5	1	выделения
4632	5	1	выплате
4633	5	1	выплатил
4634	5	1	выполнение
4635	5	1	выполняют
4636	5	1	вырасти
4637	5	1	выручки
4638	5	1	выступать
4639	5	1	выступил
4640	5	1	выяснилось
4641	5	1	газовая
4642	5	1	газовой
4643	5	1	газпроме
4644	5	1	газпромом
4645	5	1	гайдара
4646	5	1	генерал
4647	5	1	генерального
4648	5	1	геополитические
4649	5	1	герман
4650	5	1	главная
4651	5	1	главные
4652	5	1	гок
4653	5	1	голосовать
4654	5	1	голубев
4655	5	1	город
4656	5	1	городов
4657	5	1	госслужбе
4658	5	1	госсовета
4659	5	1	государстве
4660	5	1	грузии
4661	5	1	грузовик
4662	5	1	груп
4663	5	1	гтс
4664	5	1	давосского
4665	5	1	далее
4666	5	1	дальневосточного
4667	5	1	данилов
4668	5	1	дворкович
4669	5	1	двум
4670	5	1	девять
4671	5	1	действующим
4672	5	1	действующих
4673	5	1	декларации
4674	5	1	демин
4675	5	1	демонстрация
4676	5	1	денежные
4677	5	1	деньгин
4678	5	1	депутатскую
4679	5	1	диверсификации
4680	5	1	длинных
4681	5	1	дмитрием
4682	5	1	добиваться
4683	5	1	доверие
4684	5	1	доказательства
4685	5	1	докапитализация
4686	5	1	долгам
4687	5	1	долгосрочных
4688	5	1	должностных
4689	5	1	дома
4690	5	1	донбассу
4691	5	1	донинвест
4692	5	1	дорого
4693	5	1	дочек
4694	5	1	дочка
4695	5	1	дочке
4696	5	1	едва
4697	5	1	железнодорожные
4698	5	1	журналистов
4699	5	1	заводов
4700	5	1	заем
4701	5	1	заемный
4702	5	1	заемщик
4703	5	1	заимствованиям
4704	5	1	заинтересован
4705	5	1	заинтересована
4706	5	1	заключает
4707	5	1	заключению
4708	5	1	законов
4709	5	1	законодательство
4710	5	1	закредитованности
4711	5	1	закрыт
4712	5	1	заместителей
4713	5	1	заморожены
4714	5	1	заморозить
4715	5	1	замсекретаря
4716	5	1	заниженной
4717	5	1	западном
4718	5	1	западный
4719	5	1	западным
4720	5	1	заполярье
4721	5	1	запретил
4722	5	1	запретом
4723	5	1	запрещен
4724	5	1	запрещенных
4725	5	1	запуск
4726	5	1	запуска
4727	5	1	запуске
4728	5	1	зарубежные
4729	5	1	заставили
4730	5	1	захотят
4731	5	1	заявить
4732	5	1	заявлений
4733	5	1	заявлению
4734	5	1	зеленых
4735	5	1	земельных
4736	5	1	земли
4737	5	1	знакомые
4738	5	1	значения
4739	5	1	значится
4740	5	1	золота
4741	5	1	зона
4742	5	1	зотова
4743	5	1	избирательного
4744	5	1	избирательной
4745	5	1	известный
4746	5	1	изместьев
4747	5	1	ильюшин
4748	5	1	имена
4749	5	1	имени
4750	5	1	имеющих
4751	5	1	импорте
4752	5	1	импортозамещение
4753	5	1	импортозамещения
4754	5	1	инвестбанка
4755	5	1	инвестирования
4756	5	1	инвестиционных
4757	5	1	инвэнь
4758	5	1	инструментов
4759	5	1	интереса
4760	5	1	интересны
4761	5	1	интернете
4762	5	1	инфраструктурных
4763	5	1	иным
4764	5	1	иных
4765	5	1	иске
4766	5	1	использовано
4767	5	1	использованы
4768	5	1	используется
4769	5	1	испытывают
4770	5	1	исследования
4771	5	1	исторически
4772	5	1	кабинета
4773	5	1	каждого
4774	5	1	каждой
4775	5	1	казалось
4776	5	1	каналы
4777	5	1	каникулах
4778	5	1	капиталов
4779	5	1	капиталом
4780	5	1	килограммов
4781	5	1	кипра
4782	5	1	кластера
4783	5	1	ключевая
4784	5	1	коммерческих
4785	5	1	коммунист
4786	5	1	коммуниста
4787	5	1	кому
4788	5	1	конвенции
4789	5	1	конгресса
4790	5	1	конденсата
4791	5	1	конкретном
4792	5	1	конкуренция
4793	5	1	конкурсной
4794	5	1	конституции
4795	5	1	контролировать
4796	5	1	контролю
4797	5	1	конфликту
4798	5	1	концепции
4799	5	1	корзине
4800	5	1	корпоративные
4801	5	1	корпоративными
4802	5	1	корпуса
4803	5	1	коррупционных
4804	5	1	корсчета
4805	5	1	коснутся
4806	5	1	красноярского
4807	5	1	краткосрочной
4808	5	1	кредитную
4809	5	1	крест
4810	5	1	критиковал
4811	5	1	критической
4812	5	1	кругу
4813	5	1	крупнейшей
4814	5	1	крымско
4815	5	1	курсе
4816	5	1	лебедева
4817	5	1	левада
4818	5	1	легитимность
4819	5	1	легче
4820	5	1	летних
4821	5	1	лимит
4822	5	1	личных
4823	5	1	лишен
4824	5	1	лоукостера
4825	5	1	луганска
4826	5	1	лучших
4827	5	1	льготы
4828	5	1	любая
4829	5	1	любых
4830	5	1	май
4831	5	1	марок
4832	5	1	масштабные
4833	5	1	машовец
4834	5	1	медицинского
4835	5	1	мельконьянц
4836	5	1	меморандума
4837	5	1	меньшей
4838	5	1	меняется
4839	5	1	местным
4840	5	1	металлургический
4841	5	1	метельский
4842	5	1	методов
4843	5	1	метрополитена
4844	5	1	миллиардера
4845	5	1	минимально
4846	5	1	минимальный
4847	5	1	министру
4848	5	1	минкрыма
4849	5	1	минтруд
4850	5	1	минтруда
4851	5	1	минувшую
4852	5	1	минфином
4853	5	1	мировым
4854	5	1	мировых
4855	5	1	миссии
4856	5	1	младший
4857	5	1	модернизацию
4858	5	1	молодой
4859	5	1	монополий
4860	5	1	монополия
4861	5	1	мосгоризбиркома
4862	5	1	московских
4863	5	1	мощностей
4864	5	1	мощности
4865	5	1	муниципалитетов
4866	5	1	муниципального
4867	5	1	наблюдательный
4868	5	1	надеемся
4869	5	1	надеется
4870	5	1	надежда
4871	5	1	назначении
4872	5	1	накопительная
4873	5	1	наличной
4874	5	1	налоговыми
4875	5	1	написали
4876	5	1	направлений
4877	5	1	направлениям
4878	5	1	наращивания
4879	5	1	настаивать
4880	5	1	находящиеся
4881	5	1	национально
4882	5	1	наше
4883	5	1	нашего
4884	5	1	небольшого
4885	5	1	невзлин
4886	5	1	негативного
4887	5	1	негативную
4888	5	1	недоступен
4889	5	1	недр
4890	5	1	нежелание
4891	5	1	независимость
4892	5	1	незначительно
4893	5	1	некоторым
4894	5	1	нерыночных
4895	5	1	несколькими
4896	5	1	нефтепродукты
4897	5	1	неясно
4898	5	1	нижней
4899	5	1	низкие
4900	5	1	низким
4901	5	1	николая
4902	5	1	нитки
4903	5	1	ничто
4904	5	1	новость
4905	5	1	норм
4906	5	1	норма
4907	5	1	ночь
4908	5	1	нп
4909	5	1	нравится
4910	5	1	нсп
4911	5	1	нужен
4912	5	1	обещал
4913	5	1	обещают
4914	5	1	обновление
4915	5	1	обоих
4916	5	1	оборудование
4917	5	1	обратил
4918	5	1	обратного
4919	5	1	обращает
4920	5	1	обращался
4921	5	1	обслуживать
4922	5	1	обстоятельств
4923	5	1	обстоятельства
4924	5	1	обсуждалось
4925	5	1	обсуждают
4926	5	1	обусловлен
4927	5	1	общественная
4928	5	1	общественных
4929	5	1	объединить
4930	5	1	объему
4931	5	1	объявлен
4932	5	1	объявления
4933	5	1	объявлены
4934	5	1	объяснили
4935	5	1	обыски
4936	5	1	обязанностей
4937	5	1	обязательной
4938	5	1	обязательном
4939	5	1	обязать
4940	5	1	ограничен
4941	5	1	одежды
4942	5	1	одномандатным
4943	5	1	одобрение
4944	5	1	одобрения
4945	5	1	одобрила
4946	5	1	ожидаем
4947	5	1	озабоченность
4948	5	1	округам
4949	5	1	округов
4950	5	1	оон
4951	5	1	опасаются
4952	5	1	опасения
4953	5	1	опасность
4954	5	1	операционные
4955	5	1	ополченцами
4956	5	1	определенно
4957	5	1	оптимизация
4958	5	1	опубликованном
4959	5	1	опубликованы
4960	5	1	опытные
4961	5	1	организаторов
4962	5	1	организациями
4963	5	1	оружия
4964	5	1	освободили
4965	5	1	освобождения
4966	5	1	основную
4967	5	1	оставляет
4968	5	1	остатки
4969	5	1	остаться
4970	5	1	осуществляет
4971	5	1	осуществляется
4972	5	1	отвечал
4973	5	1	отзыв
4974	5	1	отзыве
4975	5	1	отказа
4976	5	1	отказе
4977	5	1	отказываться
4978	5	1	отставке
4979	5	1	отставку
4980	5	1	отсутствия
4981	5	1	офиса
4982	5	1	официальная
4983	5	1	официальному
4984	5	1	охраны
4985	5	1	оценивается
4986	5	1	оценивают
4987	5	1	оцениваются
4988	5	1	очереди
4989	5	1	падению
4990	5	1	параллельно
4991	5	1	парламентских
4992	5	1	парнас
4993	5	1	партнерам
4994	5	1	пассивы
4995	5	1	пекин
4996	5	1	пекине
4997	5	1	передали
4998	5	1	передачей
4999	5	1	перейти
5000	5	1	перемены
5001	5	1	перемирия
5002	5	1	перестал
5003	5	1	перехода
5004	5	1	печора
5005	5	1	печоры
5006	5	1	пирамид
5007	5	1	писала
5008	5	1	планируют
5009	5	1	платеж
5010	5	1	платежных
5011	5	1	платит
5012	5	1	плату
5013	5	1	повестке
5014	5	1	повестку
5015	5	1	повлечет
5016	5	1	поворот
5017	5	1	повышением
5018	5	1	погашение
5019	5	1	подавляющее
5020	5	1	подвижной
5021	5	1	подготовка
5022	5	1	подгузов
5023	5	1	поддержала
5024	5	1	поддерживающих
5025	5	1	поделился
5026	5	1	подсчитал
5027	5	1	поздняков
5028	5	1	показали
5029	5	1	покинул
5030	5	1	покупают
5031	5	1	полеты
5032	5	1	политическими
5033	5	1	политическом
5034	5	1	полищук
5035	5	1	полную
5036	5	1	положении
5037	5	1	пользуются
5038	5	1	помогли
5039	5	1	понимает
5040	5	1	понимаю
5041	5	1	попадают
5042	5	1	попасть
5043	5	1	попытка
5044	5	1	посетить
5045	5	1	последнем
5046	5	1	последует
5047	5	1	поступило
5048	5	1	потенциала
5049	5	1	потенциально
5050	5	1	потенциальный
5051	5	1	потерял
5052	5	1	потребителя
5053	5	1	потребления
5054	5	1	потребности
5055	5	1	потребовать
5056	5	1	пошлин
5057	5	1	появилось
5058	5	1	праве
5059	5	1	правильно
5060	5	1	правонарушениях
5061	5	1	практику
5062	5	1	превысить
5063	5	1	превышать
5064	5	1	предлагаемые
5065	5	1	предположение
5066	5	1	представления
5067	5	1	представляли
5068	5	1	предупредил
5069	5	1	предупреждал
5070	5	1	предупреждают
5071	5	1	предупреждение
5072	5	1	предъявлено
5073	5	1	предыдущие
5074	5	1	президентских
5075	5	1	президенты
5076	5	1	прекратил
5077	5	1	премьером
5078	5	1	премьеру
5079	5	1	преследование
5080	5	1	преступление
5081	5	1	претендентов
5082	5	1	приватбанк
5083	5	1	привлечение
5084	5	1	привлечением
5085	5	1	привыкли
5086	5	1	приговор
5087	5	1	придерживается
5088	5	1	прием
5089	5	1	призвана
5090	5	1	приказ
5091	5	1	применения
5092	5	1	принимают
5093	5	1	принимаются
5094	5	1	принцип
5095	5	1	принципы
5096	5	1	принятые
5097	5	1	приобрела
5098	5	1	приобретения
5099	5	1	природного
5100	5	1	присутствовали
5101	5	1	прихода
5102	5	1	причитается
5103	5	1	проблемами
5104	5	1	проблемах
5105	5	1	проведет
5106	5	1	проверка
5107	5	1	проверять
5108	5	1	проводились
5109	5	1	прогнозам
5110	5	1	прогнозирования
5111	5	1	прогнозом
5112	5	1	проголосовать
5113	5	1	программ
5114	5	1	продлении
5115	5	1	продовольственных
5116	5	1	продолжают
5117	5	1	продукцию
5118	5	1	пройдут
5119	5	1	прокуратуре
5120	5	1	прокурор
5121	5	1	промсвязьбанка
5122	5	1	проработать
5123	5	1	просроченной
5124	5	1	пространстве
5125	5	1	протест
5126	5	1	протеста
5127	5	1	протесты
5128	5	1	противном
5129	5	1	профильного
5130	5	1	проходить
5131	5	1	прохождения
5132	5	1	процентной
5133	5	1	прочих
5134	5	1	прошлых
5135	5	1	прямой
5136	5	1	прямые
5137	5	1	пурпе
5138	5	1	пятой
5139	5	1	пятый
5140	5	1	равнялся
5141	5	1	радикально
5142	5	1	развивается
5143	5	1	разин
5144	5	1	разногласия
5145	5	1	районы
5146	5	1	ран
5147	5	1	распространить
5148	5	1	рассматривалась
5149	5	1	рассматриваться
5150	5	1	рассматриваются
5151	5	1	реагирует
5152	5	1	реализация
5153	5	1	реальную
5154	5	1	реверсными
5155	5	1	революции
5156	5	1	регионами
5157	5	1	регулировать
5158	5	1	регулярно
5159	5	1	редактор
5160	5	1	резерва
5161	5	1	рефинансировать
5162	5	1	реформе
5163	5	1	реформу
5164	5	1	решила
5165	5	1	розничным
5166	5	1	росс
5167	5	1	россельхозбанка
5168	5	1	ростеха
5169	5	1	рпр
5170	5	1	рубежа
5171	5	1	руднев
5172	5	1	руки
5173	5	1	руслан
5174	5	1	савельев
5175	5	1	самарской
5176	5	1	самовыдвиженцев
5177	5	1	саму
5178	5	1	санации
5179	5	1	санкциям
5180	5	1	сахалина
5181	5	1	сахалинской
5182	5	1	сбербанку
5183	5	1	сбросов
5184	5	1	своему
5185	5	1	связан
5186	5	1	связывают
5187	5	1	северо
5188	5	1	сегодняшний
5189	5	1	секрет
5190	5	1	сектору
5191	5	1	серьезной
5192	5	1	сессии
5193	5	1	сеть
5194	5	1	скорби
5195	5	1	следующей
5196	5	1	слов
5197	5	1	сложилась
5198	5	1	сложной
5199	5	1	случаев
5200	5	1	случилось
5201	5	1	сможем
5202	5	1	снижаться
5203	5	1	снижении
5204	5	1	снизится
5205	5	1	собственность
5206	5	1	совкомбанка
5207	5	1	совместное
5208	5	1	совместные
5209	5	1	совместных
5210	5	1	согласование
5211	5	1	содержание
5212	5	1	содержится
5213	5	1	создают
5214	5	1	сознательно
5215	5	1	сократила
5216	5	1	сократилось
5217	5	1	сокращении
5218	5	1	солдат
5219	5	1	сообщества
5220	5	1	соотношение
5221	5	1	сопротивления
5222	5	1	сосредоточиться
5223	5	1	составляло
5224	5	1	составляющая
5225	5	1	состояния
5226	5	1	сотен
5227	5	1	сохраняет
5228	5	1	социальной
5229	5	1	социальный
5230	5	1	специалисты
5231	5	1	спискам
5232	5	1	способность
5233	5	1	способы
5234	5	1	сравнивать
5235	5	1	средней
5236	5	1	стабилизации
5237	5	1	стабильности
5238	5	1	стажа
5239	5	1	стандарт
5240	5	1	статей
5241	5	1	стоить
5242	5	1	сторонам
5243	5	1	стороне
5244	5	1	сторонники
5245	5	1	стражу
5246	5	1	стратегических
5247	5	1	страховании
5248	5	1	стресс
5249	5	1	стригино
5250	5	1	строительстве
5251	5	1	структурами
5252	5	1	структурные
5253	5	1	судами
5254	5	1	судах
5255	5	1	судебный
5256	5	1	судоремонтного
5257	5	1	судьбу
5258	5	1	существенная
5259	5	1	существенную
5260	5	1	существенные
5261	5	1	существенный
5262	5	1	существуют
5263	5	1	существующих
5264	5	1	сферу
5265	5	1	сформулировать
5266	5	1	счетная
5267	5	1	считаем
5268	5	1	считали
5269	5	1	сын
5270	5	1	сырья
5271	5	1	тайваня
5272	5	1	такова
5273	5	1	такому
5274	5	1	такси
5275	5	1	текущая
5276	5	1	телеканалу
5277	5	1	теме
5278	5	1	тенденции
5279	5	1	тенденцию
5280	5	1	тенденция
5281	5	1	территориальных
5282	5	1	территориях
5283	5	1	тик
5284	5	1	траст
5285	5	1	трат
5286	5	1	требовать
5287	5	1	требуется
5288	5	1	трети
5289	5	1	трехсторонней
5290	5	1	трудности
5291	5	1	турция
5292	5	1	тысячи
5293	5	1	тяжелой
5294	5	1	увеличении
5295	5	1	увеличивает
5296	5	1	увеличился
5297	5	1	уголовно
5298	5	1	уголовном
5299	5	1	удорожание
5300	5	1	уйдет
5301	5	1	указали
5302	5	1	указывается
5303	5	1	украинскими
5304	5	1	университета
5305	5	1	уплате
5306	5	1	упоминается
5307	5	1	управлению
5308	5	1	управлять
5309	5	1	уралкалия
5310	5	1	усилий
5311	5	1	уставного
5312	5	1	устанавливает
5313	5	1	уступки
5314	5	1	утром
5315	5	1	уходит
5316	5	1	участвовавший
5317	5	1	участвовал
5318	5	1	участвовали
5319	5	1	участвует
5320	5	1	участке
5321	5	1	учитывать
5322	5	1	учитывают
5323	5	1	уэльсе
5324	5	1	фактах
5325	5	1	флот
5326	5	1	фондирование
5327	5	1	формат
5328	5	1	формате
5329	5	1	формирование
5330	5	1	формировании
5331	5	1	формирований
5332	5	1	формулировки
5333	5	1	форум
5334	5	1	фосагро
5335	5	1	франция
5336	5	1	французской
5337	5	1	фронт
5338	5	1	фррн
5339	5	1	фсб
5340	5	1	фсс
5341	5	1	хабаровском
5342	5	1	хамитов
5343	5	1	характера
5344	5	1	хищении
5345	5	1	хозяйства
5346	5	1	хозяйство
5347	5	1	цай
5348	5	1	целей
5349	5	1	ценах
5350	5	1	церкви
5351	5	1	цэа
5352	5	1	частный
5353	5	1	частным
5354	5	1	частью
5355	5	1	чей
5356	5	1	чему
5357	5	1	числах
5358	5	1	шагом
5359	5	1	шельфа
5360	5	1	шельфовых
5361	5	1	шло
5362	5	1	штат
5363	5	1	эдуард
5364	5	1	экономразвития
5365	5	1	эксперта
5366	5	1	эльгинскому
5367	5	1	энерго
5368	5	1	энтузиазма
5369	5	1	эскалация
5370	5	1	юридического
5371	5	1	языка
5372	5	1	якунина
5373	5	1	якутия
5374	5	1	японию
5375	5	1	японских
5376	5	1	японского
5377	5	1	ярмольника
5378	5	1	ясно
